{"startprob": [[1.0], [1.0], [1.0], [1.0], [1.0], [1.0], [1.0], [1.0]], "transmat": [[[1.0]], [[1.0]], [[1.0]], [[1.0]], [[1.0]], [[1.0]], [[1.0]], [[1.0]]], "means": [[[0.16975546676456374, 0.40772991454203744, 0.5319731842176099, 0.1633365519806794, 0.45270974429144967, 0.7435467419747402, 0.303203968893972, 0.4242247771147896, 0.31492832380243474, 0.5431112923130841, 0.8128391428854425, 0.33220237049613416, 0.5403735014362759, 0.5898187179752622, 0.7518268289885938, 0.6593068797197346, 0.7747353187896845, 0.9274675520605499, 0.38964878955997184, 0.7059666639793221, 0.33828052269004116]], [[0.1645236115249226, 0.43795068656211644, 0.7424480584166185, 0.15700845970316657, 0.4035032610530471, 0.6602968718523737, 0.38062110178485226, 0.7085015375041467, 0.3022962220341594, 0.5220247712793119, 0.7757567543014058, 0.3353778425118387, 0.5385569858327683, 0.6152781849975749, 0.8064452759824766, 0.814469329624628, 0.8062020976908253, 0.9069039648266142, 0.28993167057248, 0.5493160700467704, 0.28316871746056]], [[0.17470664523054302, 0.3948298135481056, 0.6575592125687886, 0.1615873017949482, 0.4384973683629741, 0.7300260677108894, 0.2800650331380358, 0.5445129209242215, 0.3108947166999859, 0.5316802878358031, 0.8036383874157422, 0.28590221800518817, 0.5251267591804573, 0.6115695404177096, 0.7991347934583546, 0.7792604095286635, 0.8101178120987137, 0.9110286983837304, 0.3681252330097915, 0.6840752157293137, 0.3346607219983727]], [[0.21537109977178953, 0.4843426984786659, 0.7524731019343663, 0.2052690416526026, 0.5431121985581653, 0.9202533948469567, 0.4092029341319677, 0.6907090816202005, 0.38251757705114664, 0.649142479561994, 0.9984347063749672, 0.31684161806612343, 0.6256020853697696, 0.595147169036991, 0.7801934787244906, 0.8759725766802458, 0.7272218996692764, 0.7477445632485614, 0.4648582327768413, 0.878145901244381, 0.4308714183501535]], [[0.206584022964026, 0.5153028076009595, 0.5745698493159132, 0.20076135338176537, 0.5419980212369812, 0.9120580820166218, 0.46356822969845923, 0.4981648078782855, 0.37273644562049196, 0.638914979642083, 0.9822573525692552, 0.3293216759615272, 0.6368145557846602, 0.5464310318191319, 0.6928420079932878, 0.720950440643958, 0.7086819487394328, 0.826608914086615, 0.4684751911682128, 0.8730254497421434, 0.42682234679204334]], [[0.16613145865224013, 0.3608624845206898, 0.50357017175081, 0.17219619167076616, 0.453029276665796, 0.7581094246444974, 0.2820314775564652, 0.44285437377913833, 0.3107986981461031, 0.5441462162906158, 0.8276354644286008, 0.2706605284474965, 0.49286320934472644, 0.575670267894695, 0.7701239754425067, 0.6244536835539942, 0.7249619733650636, 0.8841118752694123, 0.3817484196040572, 0.7168138874554222, 0.3506739361672776]], [[0.15739039207835767, 0.3731408164232329, 0.6201166433491518, 0.14921979117682696, 0.3967489836951237, 0.6508223316117515, 0.2862175616316879, 0.5450733596251797, 0.27188621555637704, 0.47325781256605126, 0.7162269064644612, 0.29876751308394983, 0.47626010542559766, 0.5928880998397128, 0.7798772733655873, 0.6974981364711492, 0.7852272714329317, 0.9160332341715273, 0.3273899765526193, 0.6074510649116532, 0.2981298346499027]], [[0.216865703217909, 0.5377703111609412, 0.9221187658442802, 0.19717552489836937, 0.5369081188501079, 0.9075674072866176, 0.4824431751046481, 0.8906567271865053, 0.37636872598262217, 0.6380297153118617, 0.9826045177768048, 0.4218936213499996, 0.6452253131326618, 0.5185301919084235, 0.662858435528906, 0.9908232281707846, 0.6773048430165098, 0.5273071793998982, 0.46850047375086906, 0.8709267506299341, 0.4239099685470711]]], "covars": [[[[0.0012439878459624676, 0.0017358927732785225, 0.003679488919567443, 0.0007834999432871002, 0.0013202940490184875, 0.0016501299276990042, 0.0021727100797127594, 0.0038760680465819387, 0.0015462249229628374, 0.0017824691921364548, 0.0023107696502948343, 0.0005358053575909727, 0.0019671288939632193, 0.0009821767107488068, 0.0005583986221202704, 0.003722333147083726, 0.0003096784148056877, -0.0018867723065683379, 0.0007426768606136364, 0.0012601644144149846, 0.00090617063014555], [0.0017358927732785225, 0.005639139179358148, 0.01351592682814904, 0.0015031780257787246, 0.0037778549542146307, 0.006122688234406446, 0.006918733918135057, 0.014600280453409036, 0.0027851913863638673, 0.004522446827348051, 0.006869030309164968, 0.001958061780348808, 0.005411749315252809, 0.00017786603239273524, -0.000685573296850973, 0.01293685891415921, -0.00022529612241731784, -0.00866275975264723, 0.0031353626090376116, 0.005777183044971377, 0.0030475309140251257], [0.003679488919567443, 0.01351592682814904, 0.04710534780987598, 0.0032180470194529665, 0.008796463608629367, 0.014972215393910963, 0.01823474271513239, 0.05159787856843713, 0.005596423615452201, 0.009723060453309314, 0.01587079714442432, 0.00594423442023374, 0.011766635251062115, -0.004645769945061431, -0.0075671343041339096, 0.04403129427504005, 0.0009848196745004258, -0.027541226832605306, 0.008107985170487737, 0.014953036800857262, 0.0074259224090108], [0.0007834999432871002, 0.0015031780257787246, 0.0032180470194529665, 0.0007932283048863864, 0.0011745836972201769, 0.0014986174877028335, 0.0017461251569632157, 0.003405562110994459, 0.0012128868530680102, 0.0014867237636186574, 0.0019101243384661909, 0.0004425818193968956, 0.0017314346827830554, 0.000708412870918206, 0.0003480398601105273, 0.003353223589958954, 0.00029454123419314567, -0.0017055011485601983, 0.000669393271220967, 0.001200237738125094, 0.0008022540780114506], [0.0013202940490184875, 0.0037778549542146307, 0.008796463608629367, 0.0011745836972201769, 0.003249681709708355, 0.005242689499613905, 0.00460207735752798, 0.009838756372549006, 0.0020634404362662086, 0.003611703935024564, 0.005595812795765672, 0.0013960108354225261, 0.003689389531741672, 0.0002846428563878183, 0.00010866106347819596, 0.008330733635689506, -0.00038834040388330667, -0.005830661262961649, 0.002867048024854222, 0.005109046454974604, 0.002442424627993121], [0.0016501299276990042, 0.006122688234406446, 0.014972215393910963, 0.0014986174877028335, 0.005242689499613905, 0.00951800641098891, 0.007530369992938927, 0.017154249020361455, 0.002682381228638187, 0.005613239018770859, 0.00956909039960225, 0.002581323262245566, 0.005527181210016516, -0.0009426844569856942, -0.0005918921934566193, 0.01370076873682183, -0.0015515268814301206, -0.010804178572404155, 0.005257136358842335, 0.009761714400023408, 0.004187651669876073], [0.0021727100797127594, 0.006918733918135057, 0.01823474271513239, 0.0017461251569632157, 0.00460207735752798, 0.007530369992938927, 0.00919721899808042, 0.01996026423154763, 0.0032372730520819665, 0.005402066851742418, 0.008422175459847733, 0.0027802531871016518, 0.006404991068572022, -0.0005915661874174411, -0.00192345422229205, 0.01722213971657831, -0.0004581570996525247, -0.011986457255039558, 0.003912031980316339, 0.007178687891252914, 0.0037355499950896274], [0.0038760680465819387, 0.014600280453409036, 0.05159787856843713, 0.003405562110994459, 0.009838756372549006, 0.017154249020361455, 0.01996026423154763, 0.05759923017157271, 0.005828230718668139, 0.01062270888236131, 0.017796200824209844, 0.007042101797695467, 0.012398984214728926, -0.006097167754346661, -0.008908364643078034, 0.047713685017181755, -3.0451238735420725e-05, -0.031890334604052925, 0.009432525980634243, 0.017438251563131852, 0.008330128419541102], [0.0015462249229628374, 0.0027851913863638673, 0.005596423615452201, 0.0012128868530680102, 0.0020634404362662086, 0.002682381228638187, 0.0032372730520819665, 0.005828230718668139, 0.0024166968204388517, 0.0028470984867077142, 0.003611382833658427, 0.0007277432201112028, 0.0032367038185143384, 0.0016045392284473796, 0.0009482455421689032, 0.0058326566106852796, 0.0005413609191579063, -0.0028748979990729493, 0.0011800970462817533, 0.002055936438426064, 0.0014720212015357332], [0.0017824691921364548, 0.004522446827348051, 0.009723060453309314, 0.0014867237636186574, 0.003611703935024564, 0.005613239018770859, 0.005402066851742418, 0.01062270888236131, 0.0028470984867077142, 0.004400609036704208, 0.0064166657033896375, 0.001490227699605622, 0.0046593734689980544, 0.0010951929044207597, 0.0006622069420997726, 0.00946390581611408, -0.00011076883664053938, -0.006089577110261274, 0.0028927875699094057, 0.0051909901806244906, 0.0027193815172319503], [0.0023107696502948343, 0.006869030309164968, 0.01587079714442432, 0.0019101243384661909, 0.005595812795765672, 0.00956909039960225, 0.008422175459847733, 0.017796200824209844, 0.003611382833658427, 0.0064166657033896375, 0.010256855035138351, 0.0026622550753641065, 0.006580830462373468, 0.00017864541236746841, 7.049128987761216e-05, 0.014894222425404245, -0.0010338128593005262, -0.010791335584121944, 0.005102280234928775, 0.009408785723043997, 0.004434176301956018], [0.0005358053575909727, 0.001958061780348808, 0.00594423442023374, 0.0004425818193968956, 0.0013960108354225261, 0.002581323262245566, 0.0027802531871016518, 0.007042101797695467, 0.0007277432201112028, 0.001490227699605622, 0.0026622550753641065, 0.0026713369224098476, 0.0014601292007962498, -0.0014790220479994195, -0.0016730794737978357, 0.004985018812969168, -0.0014057360654270482, -0.005512764527548254, 0.0014383607130930755, 0.0026829179944979, 0.0012370766829386292], [0.0019671288939632193, 0.005411749315252809, 0.011766635251062115, 0.0017314346827830554, 0.003689389531741672, 0.005527181210016516, 0.006404991068572022, 0.012398984214728926, 0.0032367038185143384, 0.0046593734689980544, 0.006580830462373468, 0.0014601292007962498, 0.0056655480031101635, 0.0014921995619918218, 0.0005080170968152816, 0.011725626092322378, 0.0004472051895421065, -0.0067610268045627565, 0.0026840733676480708, 0.004893880056505072, 0.002845315375213894], [0.0009821767107488068, 0.00017786603239273524, -0.004645769945061431, 0.000708412870918206, 0.0002846428563878183, -0.0009426844569856942, -0.0005915661874174411, -0.006097167754346661, 0.0016045392284473796, 0.0010951929044207597, 0.00017864541236746841, -0.0014790220479994195, 0.0014921995619918218, 0.004617191883945274, 0.004258977302637586, -0.0031716025367797534, 0.0019387576991119185, 0.005356583117491892, -0.0008686156390499186, -0.0018817599504742646, -0.00015187561325237745], [0.0005583986221202704, -0.000685573296850973, -0.0075671343041339096, 0.0003480398601105273, 0.00010866106347819596, -0.0005918921934566193, -0.00192345422229205, -0.008908364643078034, 0.0009482455421689032, 0.0006622069420997726, 7.049128987761216e-05, -0.0016730794737978357, 0.0005080170968152816, 0.004258977302637586, 0.004913471660819555, -0.0062611340211376045, 0.0012139172724748091, 0.006607118239732316, -0.0005586113240567852, -0.001169855436397769, -0.0002727379704591628], [0.003722333147083726, 0.01293685891415921, 0.04403129427504005, 0.003353223589958954, 0.008330733635689506, 0.01370076873682183, 0.01722213971657831, 0.047713685017181755, 0.0058326566106852796, 0.00946390581611408, 0.014894222425404245, 0.004985018812969168, 0.011725626092322378, -0.0031716025367797534, -0.0062611340211376045, 0.04190724343030074, 0.0022180244726517397, -0.024137474386306375, 0.007260727490673388, 0.013353946391024937, 0.006937816508751027], [0.0003096784148056877, -0.00022529612241731784, 0.0009848196745004258, 0.00029454123419314567, -0.00038834040388330667, -0.0015515268814301206, -0.0004581570996525247, -3.0451238735420725e-05, 0.0005413609191579063, -0.00011076883664053938, -0.0010338128593005262, -0.0014057360654270482, 0.0004472051895421065, 0.0019387576991119185, 0.0012139172724748091, 0.0022180244726517397, 0.00389340026545836, 0.004632799007727521, -0.0009633597885421327, -0.001982054412737763, -0.0004101316805553846], [-0.0018867723065683379, -0.00866275975264723, -0.027541226832605306, -0.0017055011485601983, -0.005830661262961649, -0.010804178572404155, -0.011986457255039558, -0.031890334604052925, -0.0028748979990729493, -0.006089577110261274, -0.010791335584121944, -0.005512764527548254, -0.0067610268045627565, 0.005356583117491892, 0.006607118239732316, -0.024137474386306375, 0.004632799007727521, 0.023826225257678062, -0.0059702312981305275, -0.011225678175909058, -0.005037411921917901], [0.0007426768606136364, 0.0031353626090376116, 0.008107985170487737, 0.000669393271220967, 0.002867048024854222, 0.005257136358842335, 0.003912031980316339, 0.009432525980634243, 0.0011800970462817533, 0.0028927875699094057, 0.005102280234928775, 0.0014383607130930755, 0.0026840733676480708, -0.0008686156390499186, -0.0005586113240567852, 0.007260727490673388, -0.0009633597885421327, -0.0059702312981305275, 0.003114125846514359, 0.005578885782652421, 0.0022758859952491392], [0.0012601644144149846, 0.005777183044971377, 0.014953036800857262, 0.001200237738125094, 0.005109046454974604, 0.009761714400023408, 0.007178687891252914, 0.017438251563131852, 0.002055936438426064, 0.0051909901806244906, 0.009408785723043997, 0.0026829179944979, 0.004893880056505072, -0.0018817599504742646, -0.001169855436397769, 0.013353946391024937, -0.001982054412737763, -0.011225678175909058, 0.005578885782652421, 0.010392905930763299, 0.004194864364639338], [0.00090617063014555, 0.0030475309140251257, 0.0074259224090108, 0.0008022540780114506, 0.002442424627993121, 0.004187651669876073, 0.0037355499950896274, 0.008330128419541102, 0.0014720212015357332, 0.0027193815172319503, 0.004434176301956018, 0.0012370766829386292, 0.002845315375213894, -0.00015187561325237745, -0.0002727379704591628, 0.006937816508751027, -0.0004101316805553846, -0.005037411921917901, 0.0022758859952491392, 0.004194864364639338, 0.0021545299667509897]]], [[[0.0016465516806482576, 0.0015576621514751335, 0.002513167812907374, 0.0009794727933242478, 0.002908879016095892, 0.0049382340879283405, 0.0012534980869095722, 0.0024777490555568248, 0.002305833745643057, 0.0031301429870270367, 0.004965517357920084, 0.0013537035174179244, 0.0021571829112382664, 0.00036550013277104827, 0.00046193522616365764, 0.0027378144296621673, -0.0007963577083857048, -0.0028807895833952244, 0.003131222264612766, 0.005355296054732724, 0.0024614928308838205], [0.0015576621514751335, 0.004972640505373073, 0.00899756644856978, 0.0014417774806640014, 0.004619891296279321, 0.00977281997028169, 0.004985955836266917, 0.009184258056444362, 0.0027597280627827034, 0.004615556033409543, 0.008965753482779018, 0.004329394670021277, 0.0052825247981458014, -0.0019802018217124073, -0.002572832411974007, 0.009050303500861686, -0.0019529270540295889, -0.008836857013626553, 0.006191595846413172, 0.011793255845989017, 0.005405892369296566], [0.002513167812907374, 0.00899756644856978, 0.01670635398872999, 0.002443310182345084, 0.008061856269929875, 0.017372630875979785, 0.009167164415507977, 0.017101805952095928, 0.004552258141994151, 0.007866474459461146, 0.015713806266285872, 0.008124008531048643, 0.009401820590239604, -0.004166314072128707, -0.005382682282922783, 0.016730904585133436, -0.0035754214967279175, -0.016471583066607804, 0.011093362928605433, 0.02123139550479125, 0.009734677256467716], [0.0009794727933242478, 0.0014417774806640014, 0.002443310182345084, 0.0008802722077219619, 0.002200794597432605, 0.0037995606864084175, 0.0013088090625934057, 0.0024554335149391923, 0.0015204062452985698, 0.0022734584398866535, 0.0037549487376613557, 0.0012382564847334525, 0.0017915203911973757, 3.43428711404156e-05, -5.805073396209402e-06, 0.002554366859280095, -0.0005594528663187873, -0.002441451285843455, 0.002330864486968557, 0.00413556042236693, 0.0019862507552607014], [0.002908879016095892, 0.004619891296279321, 0.008061856269929875, 0.002200794597432605, 0.007471368081846032, 0.012944745424616962, 0.004280271740523095, 0.008191150621595982, 0.004573874094770413, 0.007448341791970691, 0.012494582769560288, 0.004165406119766927, 0.005526699053238332, -0.0007386474343424822, -0.0010350450654337791, 0.008228187686515, -0.0026804416724317778, -0.009816588174775282, 0.008580955406164971, 0.014611906925182716, 0.006667155280965853], [0.0049382340879283405, 0.00977281997028169, 0.017372630875979785, 0.0037995606864084175, 0.012944745424616962, 0.025371497091751714, 0.009305784404898649, 0.017709595466595347, 0.00800852640005119, 0.013001369157632042, 0.023794123684212135, 0.008786031127922528, 0.011095820510690635, -0.0035816821427995006, -0.003828468145879788, 0.017589516710047996, -0.006115165376263219, -0.020961944671226324, 0.016008508082034828, 0.029436113107096054, 0.013468308915919259], [0.0012534980869095722, 0.004985955836266917, 0.009167164415507977, 0.0013088090625934057, 0.004280271740523095, 0.009305784404898649, 0.005187349807052772, 0.009435913470346221, 0.0023428944533180514, 0.004151042016309779, 0.008385903805868046, 0.00437688590017348, 0.005140896740940871, -0.002344572227320705, -0.0030896599076244455, 0.009135767381884796, -0.0019746634616120513, -0.009056373515203503, 0.005935421481003168, 0.011422614130420042, 0.005247582530465333], [0.0024777490555568248, 0.009184258056444362, 0.017101805952095928, 0.0024554335149391923, 0.008191150621595982, 0.017709595466595347, 0.009435913470346221, 0.017578025465711734, 0.0045210754096578955, 0.007935285237910468, 0.01596448000849101, 0.008330537427011392, 0.00954771622743655, -0.0044365307957050255, -0.005703044553494446, 0.017102245488932195, -0.0037399319518107792, -0.017023151703688243, 0.011339929900648256, 0.02169125936979139, 0.00992571692749515], [0.002305833745643057, 0.0027597280627827034, 0.004552258141994151, 0.0015204062452985698, 0.004573874094770413, 0.00800852640005119, 0.0023428944533180514, 0.0045210754096578955, 0.003531965827435191, 0.004970115218849607, 0.008028197159977808, 0.0023743023990443865, 0.0036491012099060414, 0.0003296877782470998, 0.00039634149580706037, 0.004867338372469652, -0.0013318503509993846, -0.004985932880688942, 0.005084728370477104, 0.00882092589914932, 0.004052550846442605], [0.0031301429870270367, 0.004615556033409543, 0.007866474459461146, 0.0022734584398866535, 0.007448341791970691, 0.013001369157632042, 0.004151042016309779, 0.007935285237910468, 0.004970115218849607, 0.007823496852067333, 0.012862506023852274, 0.004059659350066808, 0.005696212772395253, -0.0001072203182419192, -0.0001474161208644474, 0.00812511074095105, -0.0023225304220814993, -0.008765341139247432, 0.008376399731635181, 0.014419626059928239, 0.006603269877983211], [0.004965517357920084, 0.008965753482779018, 0.015713806266285872, 0.0037549487376613557, 0.012494582769560288, 0.023794123684212135, 0.008385903805868046, 0.01596448000849101, 0.008028197159977808, 0.012862506023852274, 0.022819163695683695, 0.007978859799966225, 0.010451408384057748, -0.0022486211474718066, -0.002251801855991844, 0.01601318147283897, -0.005102668906125407, -0.018044343362246706, 0.014943364712789559, 0.027128209933715945, 0.012490394374757807], [0.0013537035174179244, 0.004329394670021277, 0.008124008531048643, 0.0012382564847334525, 0.004165406119766927, 0.008786031127922528, 0.00437688590017348, 0.008330537427011392, 0.0023743023990443865, 0.004059659350066808, 0.007978859799966225, 0.004079388353371854, 0.004579956161658931, -0.0020152812397565387, -0.0025615129475285423, 0.008158023122806595, -0.0018196588883338037, -0.008196888758455435, 0.0056597940269984565, 0.010681035096698514, 0.004887669367450678], [0.0021571829112382664, 0.0052825247981458014, 0.009401820590239604, 0.0017915203911973757, 0.005526699053238332, 0.011095820510690635, 0.005140896740940871, 0.00954771622743655, 0.0036491012099060414, 0.005696212772395253, 0.010451408384057748, 0.004579956161658931, 0.005943832337341566, -0.0014219387386927385, -0.0019131737362268917, 0.009637223628361759, -0.0019385410402914013, -0.00901349712859907, 0.007047649555503121, 0.013091225587735676, 0.0060113868859396425], [0.00036550013277104827, -0.0019802018217124073, -0.004166314072128707, 3.43428711404156e-05, -0.0007386474343424822, -0.0035816821427995006, -0.002344572227320705, -0.0044365307957050255, 0.0003296877782470998, -0.0001072203182419192, -0.0022486211474718066, -0.0020152812397565387, -0.0014219387386927385, 0.0038919961116275614, 0.004465101502827956, -0.0038476125789879824, 0.0028752101222928846, 0.0077494096833921056, -0.0023583521188949774, -0.0054629070372478545, -0.0022966532851064194], [0.00046193522616365764, -0.002572832411974007, -0.005382682282922783, -5.805073396209402e-06, -0.0010350450654337791, -0.003828468145879788, -0.0030896599076244455, -0.005703044553494446, 0.00039634149580706037, -0.0001474161208644474, -0.002251801855991844, -0.0025615129475285423, -0.0019131737362268917, 0.004465101502827956, 0.005937821472136437, -0.004992663993522645, 0.003150642292592904, 0.009832136844314518, -0.0029587335786769933, -0.006216221547659494, -0.002579205362579363], [0.0027378144296621673, 0.009050303500861686, 0.016730904585133436, 0.002554366859280095, 0.008228187686515, 0.017589516710047996, 0.009135767381884796, 0.017102245488932195, 0.004867338372469652, 0.00812511074095105, 0.01601318147283897, 0.008158023122806595, 0.009637223628361759, -0.0038476125789879824, -0.004992663993522645, 0.01690790658483233, -0.0033914723851010535, -0.016133663464248466, 0.011243321591931438, 0.021400552700522664, 0.009798691995684616], [-0.0007963577083857048, -0.0019529270540295889, -0.0035754214967279175, -0.0005594528663187873, -0.0026804416724317778, -0.006115165376263219, -0.0019746634616120513, -0.0037399319518107792, -0.0013318503509993846, -0.0023225304220814993, -0.005102668906125407, -0.0018196588883338037, -0.0019385410402914013, 0.0028752101222928846, 0.003150642292592904, -0.0033914723851010535, 0.0036675133144292655, 0.008640951271124873, -0.004030634887055169, -0.007817685292194875, -0.0033318098131755796], [-0.0028807895833952244, -0.008836857013626553, -0.016471583066607804, -0.002441451285843455, -0.009816588174775282, -0.020961944671226324, -0.009056373515203503, -0.017023151703688243, -0.004985932880688942, -0.008765341139247432, -0.018044343362246706, -0.008196888758455435, -0.00901349712859907, 0.0077494096833921056, 0.009832136844314518, -0.016133663464248466, 0.008640951271124873, 0.026583597252202003, -0.014112355537012384, -0.026572175152642426, -0.01167656091861474], [0.003131222264612766, 0.006191595846413172, 0.011093362928605433, 0.002330864486968557, 0.008580955406164971, 0.016008508082034828, 0.005935421481003168, 0.011339929900648256, 0.005084728370477104, 0.008376399731635181, 0.014943364712789559, 0.0056597940269984565, 0.007047649555503121, -0.0023583521188949774, -0.0029587335786769933, 0.011243321591931438, -0.004030634887055169, -0.014112355537012384, 0.010818725230751629, 0.018864597734067116, 0.008412030521275655], [0.005355296054732724, 0.011793255845989017, 0.02123139550479125, 0.00413556042236693, 0.014611906925182716, 0.029436113107096054, 0.011422614130420042, 0.02169125936979139, 0.00882092589914932, 0.014419626059928239, 0.027128209933715945, 0.010681035096698514, 0.013091225587735676, -0.0054629070372478545, -0.006216221547659494, 0.021400552700522664, -0.007817685292194875, -0.026572175152642426, 0.018864597734067116, 0.03495742360078187, 0.015869109606917287], [0.0024614928308838205, 0.005405892369296566, 0.009734677256467716, 0.0019862507552607014, 0.006667155280965853, 0.013468308915919259, 0.005247582530465333, 0.00992571692749515, 0.004052550846442605, 0.006603269877983211, 0.012490394374757807, 0.004887669367450678, 0.0060113868859396425, -0.0022966532851064194, -0.002579205362579363, 0.009798691995684616, -0.0033318098131755796, -0.01167656091861474, 0.008412030521275655, 0.015869109606917287, 0.0077225119871145815]]], [[[0.0033280313552692615, 0.0038468624895206197, 0.005953467462987611, 0.0014894596288010996, 0.0025223291930327072, 0.0034480470813489724, 0.00397040851151227, 0.006306122293424143, 0.0033597827820205516, 0.003173096614995473, 0.004234025252881061, 0.002733570361156041, 0.004142435648188579, 0.0007145799109192262, -5.680904330828598e-05, 0.005875006471057092, 0.00014175348793130633, -0.003230851411053049, 0.0018707467406365434, 0.0030557998781160704, 0.0015314608887922016], [0.0038468624895206197, 0.00904880747134048, 0.014769620528238341, 0.0027095492685545414, 0.006368851734245961, 0.010910163150520338, 0.010281537981464936, 0.016872051604077423, 0.005153384784949638, 0.007351603904049791, 0.011621748959527835, 0.006753699372684451, 0.008959541185454886, -0.0006029179883148177, -0.0019069180829318364, 0.013980884124497052, -0.0015228120581652017, -0.011224158357146989, 0.005821064948391969, 0.010921646457018264, 0.005420320251292307], [0.005953467462987611, 0.014769620528238341, 0.02571902667568702, 0.004242595611023521, 0.010687033111298691, 0.019189170721133176, 0.01772893263036909, 0.030075282780839752, 0.008007759696496041, 0.01219117203484131, 0.020064236367874192, 0.01245859433105776, 0.014164980525525114, -0.0026245446126906638, -0.004549645144605724, 0.023661882804918502, -0.0037633542417056724, -0.021082114712015567, 0.010163407516364307, 0.019523066484959353, 0.009593239015552353], [0.0014894596288010996, 0.0027095492685545414, 0.004242595611023521, 0.0012282034068551546, 0.002108110205719794, 0.0032054676228407243, 0.003014825844975319, 0.00479827167615424, 0.0019559249266804446, 0.002457021285301537, 0.003516292692291912, 0.0019409659175291766, 0.0029683645826723416, 0.00037458362440868584, -0.00015769250562901516, 0.004274459897940362, -4.335164370031103e-05, -0.0027620336135607032, 0.001661095728195121, 0.003058244570799373, 0.0015231285331432903], [0.0025223291930327072, 0.006368851734245961, 0.010687033111298691, 0.002108110205719794, 0.005637049039476111, 0.009849135195136903, 0.007685287730297006, 0.012725816739625685, 0.0035285270134187263, 0.006194991900824014, 0.010147321275217901, 0.004980615999938748, 0.006209926212447851, -0.0007126741270709745, -0.0010692896269016558, 0.010025976365762858, -0.001608592897296306, -0.008571416156740218, 0.005353885813955982, 0.010058306526421505, 0.004795740545453683], [0.0034480470813489724, 0.010910163150520338, 0.019189170721133176, 0.0032054676228407243, 0.009849135195136903, 0.019000285221567655, 0.013840093324173066, 0.023416824902477273, 0.0052451224390310325, 0.010872800867433509, 0.019139504845076687, 0.009139000555466202, 0.010100210956001597, -0.0027026861074889432, -0.002541779609982292, 0.017459653404842897, -0.0040366020456246545, -0.01671905872991069, 0.010006868965219396, 0.019900548834274175, 0.009416196271743922], [0.00397040851151227, 0.010281537981464936, 0.01772893263036909, 0.003014825844975319, 0.007685287730297006, 0.013840093324173066, 0.012929735678393336, 0.021130391427217256, 0.005468916025002013, 0.00872860156614297, 0.0143825115521119, 0.008467854093268255, 0.009863891467493313, -0.0020551434158486022, -0.0034574634197989305, 0.01624322501815806, -0.0033190749220305097, -0.015661385361868757, 0.007357023253647462, 0.014139049969694591, 0.006816904114113848], [0.006306122293424143, 0.016872051604077423, 0.030075282780839752, 0.00479827167615424, 0.012725816739625685, 0.023416824902477273, 0.021130391427217256, 0.036287661762180935, 0.00873778717657772, 0.014378865331649516, 0.024193544904613517, 0.015041612724641289, 0.015818217765602043, -0.00424611953663822, -0.006218962222290091, 0.027224061342592414, -0.005640221027145785, -0.026615128000781522, 0.01240719546479334, 0.02407914743852653, 0.011667001327719471], [0.0033597827820205516, 0.005153384784949638, 0.008007759696496041, 0.0019559249266804446, 0.0035285270134187263, 0.0052451224390310325, 0.005468916025002013, 0.00873778717657772, 0.004102864782795508, 0.004430640415644764, 0.006107706257301921, 0.0036097364014149418, 0.00566877268474705, 0.0009268475219494121, -0.0001410915471164163, 0.008044130050736155, 0.00018260089768985053, -0.004681744154555884, 0.0027686451096175925, 0.004857917094026315, 0.002508570402619629], [0.003173096614995473, 0.007351603904049791, 0.01219117203484131, 0.002457021285301537, 0.006194991900824014, 0.010872800867433509, 0.00872860156614297, 0.014378865331649516, 0.004430640415644764, 0.007214666616934976, 0.01148312291174782, 0.005625493675328231, 0.0073537440134449385, -0.00043351082648059063, -0.0009867410507552238, 0.011574413808516803, -0.0014886905161898213, -0.00932120896070076, 0.0058118593005530884, 0.011019828141788519, 0.005284180573972197], [0.004234025252881061, 0.011621748959527835, 0.020064236367874192, 0.003516292692291912, 0.010147321275217901, 0.019139504845076687, 0.0143825115521119, 0.024193544904613517, 0.006107706257301921, 0.01148312291174782, 0.019673660134613274, 0.009471126161990156, 0.011018129139774478, -0.0021685605322409305, -0.0022624659069913166, 0.01849253282001019, -0.0035838334282499162, -0.01660190831111162, 0.010096431414290227, 0.019870761800996967, 0.009494028006739898], [0.002733570361156041, 0.006753699372684451, 0.01245859433105776, 0.0019409659175291766, 0.004980615999938748, 0.009139000555466202, 0.008467854093268255, 0.015041612724641289, 0.0036097364014149418, 0.005625493675328231, 0.009471126161990156, 0.0069578296034119805, 0.0063283557139987645, -0.001720493859715829, -0.00257834144967048, 0.011233910813389321, -0.0018998285209327766, -0.010446521781727136, 0.004836725018494893, 0.00938542517552095, 0.004606458878417845], [0.004142435648188579, 0.008959541185454886, 0.014164980525525114, 0.0029683645826723416, 0.006209926212447851, 0.010100210956001597, 0.009863891467493313, 0.015818217765602043, 0.00566877268474705, 0.0073537440134449385, 0.011018129139774478, 0.0063283557139987645, 0.00941926188940475, 0.0005800312107381857, -0.0010259280553849054, 0.013944181400374376, -0.0004201574472071509, -0.009468268065982076, 0.0053416898958941585, 0.00986666635568518, 0.005013228403156481], [0.0007145799109192262, -0.0006029179883148177, -0.0026245446126906638, 0.00037458362440868584, -0.0007126741270709745, -0.0027026861074889432, -0.0020551434158486022, -0.00424611953663822, 0.0009268475219494121, -0.00043351082648059063, -0.0021685605322409305, -0.001720493859715829, 0.0005800312107381857, 0.003466544089330228, 0.0030662389153357857, -0.0011402855656478268, 0.0034066980390316443, 0.006280452424898894, -0.00146314669764732, -0.0033365532209795076, -0.001352636670164113], [-5.680904330828598e-05, -0.0019069180829318364, -0.004549645144605724, -0.00015769250562901516, -0.0010692896269016558, -0.002541779609982292, -0.0034574634197989305, -0.006218962222290091, -0.0001410915471164163, -0.0009867410507552238, -0.0022624659069913166, -0.00257834144967048, -0.0010259280553849054, 0.0030662389153357857, 0.003753691254310101, -0.0031589958752099353, 0.00321062823323755, 0.007783818202737512, -0.001424003139803988, -0.002908869563013668, -0.0012741936662572237], [0.005875006471057092, 0.013980884124497052, 0.023661882804918502, 0.004274459897940362, 0.010025976365762858, 0.017459653404842897, 0.01624322501815806, 0.027224061342592414, 0.008044130050736155, 0.011574413808516803, 0.01849253282001019, 0.011233910813389321, 0.013944181400374376, -0.0011402855656478268, -0.0031589958752099353, 0.02243597710715552, -0.0021455328052345035, -0.017686301961978193, 0.00921692785371516, 0.017545911140249625, 0.008753461845504858], [0.00014175348793130633, -0.0015228120581652017, -0.0037633542417056724, -4.335164370031103e-05, -0.001608592897296306, -0.0040366020456246545, -0.0033190749220305097, -0.005640221027145785, 0.00018260089768985053, -0.0014886905161898213, -0.0035838334282499162, -0.0018998285209327766, -0.0004201574472071509, 0.0034066980390316443, 0.00321062823323755, -0.0021455328052345035, 0.00440351167115905, 0.008302421992669442, -0.002203093017013468, -0.004599792393560563, -0.0018555902325763237], [-0.003230851411053049, -0.011224158357146989, -0.021082114712015567, -0.0027620336135607032, -0.008571416156740218, -0.01671905872991069, -0.015661385361868757, -0.026615128000781522, -0.004681744154555884, -0.00932120896070076, -0.01660190831111162, -0.010446521781727136, -0.009468268065982076, 0.006280452424898894, 0.007783818202737512, -0.017686301961978193, 0.008302421992669442, 0.025171159558910045, -0.008929548448028173, -0.017638413341686945, -0.008223410222860503], [0.0018707467406365434, 0.005821064948391969, 0.010163407516364307, 0.001661095728195121, 0.005353885813955982, 0.010006868965219396, 0.007357023253647462, 0.01240719546479334, 0.0027686451096175925, 0.0058118593005530884, 0.010096431414290227, 0.004836725018494893, 0.0053416898958941585, -0.00146314669764732, -0.001424003139803988, 0.00921692785371516, -0.002203093017013468, -0.008929548448028173, 0.005491306343198065, 0.010500804366827314, 0.004932679571891834], [0.0030557998781160704, 0.010921646457018264, 0.019523066484959353, 0.003058244570799373, 0.010058306526421505, 0.019900548834274175, 0.014139049969694591, 0.02407914743852653, 0.004857917094026315, 0.011019828141788519, 0.019870761800996967, 0.00938542517552095, 0.00986666635568518, -0.0033365532209795076, -0.002908869563013668, 0.017545911140249625, -0.004599792393560563, -0.017638413341686945, 0.010500804366827314, 0.02108954771242862, 0.009952510114552044], [0.0015314608887922016, 0.005420320251292307, 0.009593239015552353, 0.0015231285331432903, 0.004795740545453683, 0.009416196271743922, 0.006816904114113848, 0.011667001327719471, 0.002508570402619629, 0.005284180573972197, 0.009494028006739898, 0.004606458878417845, 0.005013228403156481, -0.001352636670164113, -0.0012741936662572237, 0.008753461845504858, -0.0018555902325763237, -0.008223410222860503, 0.004932679571891834, 0.009952510114552044, 0.005012996759908079]]], [[[0.0028833088855792057, -0.00023652266314123008, -0.0011769751702891318, 0.0013452602515118379, 0.0007617178372620232, -0.0008751597169654855, -0.0002423919883118006, -0.001146445882812762, 0.00254940209580425, 0.0013171948960039245, 5.015711177438087e-05, -0.0013371864423982836, 0.0007330865100430288, 0.0023784455082312434, 0.00145384730406782, -0.0007307460240218585, 0.0005647827932152961, 0.0007739398181029221, -0.0006098736160364156, -0.0018325532524368832, -0.0008239372820791913], [-0.00023652266314123008, 0.0013762479912328735, 0.0018596745481120561, -0.000287385337799877, -0.0002625098483818406, -5.171091840637115e-05, 0.0013838826941982522, 0.0018669598952008152, -0.00016915219329244796, -0.00014783529481022798, -3.303220538626837e-05, 0.0005882827911191837, 0.0009426171244499567, -0.00033449239074153145, -0.0010404989551144727, 0.0014074166084883095, 0.00019361282124995467, -0.001242108079447379, -1.5525326791673093e-05, 9.55387428291803e-05, 0.00011499820660582075], [-0.0011769751702891318, 0.0018596745481120561, 0.01090476112427787, -0.0004894464176448828, -0.0006115643395716893, 2.7283397407815446e-05, 0.0018840830307869849, 0.010879944912414636, -0.0005008207513423317, -0.00046198726437158264, -0.00015974356513478966, 0.006755107235635412, 0.0016311710914986956, -0.0002101300525384351, -0.001412653928832439, 0.009776057487562682, 0.004292903879428687, -0.0030463380052219474, -9.124487599581367e-05, 0.00043232102115174837, 0.0005176860321707304], [0.0013452602515118379, -0.000287385337799877, -0.0004894464176448828, 0.0013470155035325633, 0.0006956009720342506, -0.0004947357149376563, -0.00034563807360824206, -0.0004866989091643748, 0.0015796675591418536, 0.0009286863329477131, 3.804311002626841e-05, -0.0005116870953568617, 0.000836149188745437, 0.002278496757793896, 0.0016141461198099906, 0.0003861427327703317, 0.0017491590439441124, 0.0018597795780025757, -0.00042224580580938365, -0.0011821919194024268, -0.0004899202457546074], [0.0007617178372620232, -0.0002625098483818406, -0.0006115643395716893, 0.0006956009720342506, 0.0008045938027272858, -1.511488861926225e-05, -0.00021682013245704615, -0.000579732565644788, 0.0007455173468425847, 0.0006031270918600527, 6.464693069623519e-05, -0.00039197331057494147, 0.00019118599159406122, 0.0009683128720873128, 0.0005918745479318366, -0.0003306836264825168, 0.00030215028798107735, 0.00042812594330734625, 0.00013125429004676734, -0.0004143740874910504, -0.00027078747193984867], [-0.0008751597169654855, -5.171091840637115e-05, 2.7283397407815446e-05, -0.0004947357149376563, -1.511488861926225e-05, 0.0007425846050383526, 0.00011439709162884473, 0.00011938089048052777, -0.0011283857628110506, -0.0005949029977839854, 5.962700856511729e-05, 0.0003741165542888089, -0.0006566328863347095, -0.001584324042279628, -0.0009989048006356432, -0.00040096693673583175, -0.0014618285261068537, -0.0013947079817327698, 0.0005270003181348262, 0.0011437538164975043, 0.0003707547963648748], [-0.0002423919883118006, 0.0013838826941982522, 0.0018840830307869849, -0.00034563807360824206, -0.00021682013245704615, 0.00011439709162884473, 0.001958096542374618, 0.0022930418714232534, -0.0003880934216141091, -0.0003253112728030026, -9.83220416677778e-06, 0.0005432852328830231, 0.0008193588009433302, -0.0009270978763395955, -0.0016611858783195275, 0.0012338152057065218, -0.0006853891642244261, -0.002472645788108035, 8.353119998604739e-05, 0.00032019464163841226, 0.0001899370007194044], [-0.001146445882812762, 0.0018669598952008152, 0.010879944912414636, -0.0004866989091643748, -0.000579732565644788, 0.00011938089048052777, 0.0022930418714232534, 0.01156729582791124, -0.0006971308569627219, -0.0006135399252571444, -0.00013188203411899178, 0.006871411134452899, 0.0014569427924544828, -0.0008484161872284892, -0.0020174863307359913, 0.009578645775768538, 0.003240065934372615, -0.004655339717283821, -4.795508821932845e-05, 0.0005640528160585336, 0.0005554826399759733], [0.00254940209580425, -0.00016915219329244796, -0.0005008207513423317, 0.0015796675591418536, 0.0007455173468425847, -0.0011283857628110506, -0.0003880934216141091, -0.0006971308569627219, 0.0028774598822145633, 0.0015904366054023539, 3.241070853897136e-05, -0.0009903711428744454, 0.0012981358546878077, 0.0034850570362199742, 0.002270253204388357, 0.00038719341108049276, 0.0023271015895777254, 0.002316472915337101, -0.0008100074223323621, -0.0022280244940198735, -0.0009024723154895096], [0.0013171948960039245, -0.00014783529481022798, -0.00046198726437158264, 0.0009286863329477131, 0.0006031270918600527, -0.0005949029977839854, -0.0003253112728030026, -0.0006135399252571444, 0.0015904366054023539, 0.0010647116578786898, 4.3751653017574126e-05, -0.0005984646113939187, 0.0007068158505231525, 0.002118834297111847, 0.0013804948680707523, 7.791604702428542e-05, 0.001459284966212432, 0.0015789418222322805, -0.00033592575497353637, -0.0012605288552873144, -0.0005651001319314817], [5.015711177438087e-05, -3.303220538626837e-05, -0.00015974356513478966, 3.804311002626841e-05, 6.464693069623519e-05, 5.962700856511729e-05, -9.83220416677778e-06, -0.00013188203411899178, 3.241070853897136e-05, 4.3751653017574126e-05, 5.558548614315615e-05, -9.041614110010382e-05, -3.231201537169169e-05, -1.919829495570759e-06, 3.256594422428073e-05, -0.0001680666405317138, -0.000154997557139648, -5.6493693930611855e-05, 3.736089294474329e-05, 4.056323493277865e-05, 1.9824227852995554e-05], [-0.0013371864423982836, 0.0005882827911191837, 0.006755107235635412, -0.0005116870953568617, -0.00039197331057494147, 0.0003741165542888089, 0.0005432852328830231, 0.006871411134452899, -0.0009903711428744454, -0.0005984646113939187, -9.041614110010382e-05, 0.005731299510298612, 0.00023897190356019863, -0.0009179269503581854, -0.0010193492520379815, 0.006060570068455052, 0.0025942366093066544, -0.0016966893647541131, 0.00023312362162624116, 0.0008752626188601246, 0.0005077104596803242], [0.0007330865100430288, 0.0009426171244499567, 0.0016311710914986956, 0.000836149188745437, 0.00019118599159406122, -0.0006566328863347095, 0.0008193588009433302, 0.0014569427924544828, 0.0012981358546878077, 0.0007068158505231525, -3.231201537169169e-05, 0.00023897190356019863, 0.0018957474037056086, 0.002511511326516416, 0.0012013828171760614, 0.002363343989765583, 0.003253184176892497, 0.0021499377663523342, -0.0005416743192725938, -0.0011293314453656965, -0.00030875995597090414], [0.0023784455082312434, -0.0003344