{"startprob": [[0.0, 1.0, 0.0], [0.0, 1.0, 2.289458742540391e-116], [2.8033089500666456e-80, 1.0, 0.0], [0.4999999999996389, 0.500000000000361, 3.953549354220695e-47], [0.0, 6.27297257390488e-83, 1.0], [0.0, 1.0, 3.7240613975301307e-194], [0.0, 1.0, 4.811623724211621e-108], [0.16666666671254887, 0.4999999999999958, 0.33333333328745535]], "transmat": [[[0.8578399918469223, 0.0027190788047014216, 0.13944092934837624], [1.3684586176152986e-37, 0.9333730926754978, 0.0666269073245021], [0.12393472695359876, 0.04463995611029161, 0.8314253169361097]], [[0.9462221044660762, 1.947770085410648e-203, 0.053777895533923765], [2.4940879191967124e-180, 0.8922674134173691, 0.1077325865826309], [0.11756275281002952, 0.08783959079738662, 0.7945976563925838]], [[0.7933015919711648, 0.08993423581193433, 0.116764172216901], [0.09919106261483712, 0.9008089373851629, 1.914153537001649e-190], [0.05032755076473964, 1.298180591197277e-237, 0.9496724492352604]], [[0.9634617506538183, 0.03653824934618162, 7.91516247192741e-58], [0.037583626933780416, 0.9161052514056128, 0.04631112166060671], [7.781994853593365e-56, 0.04319593764770622, 0.9568040623522936]], [[0.8484333519142653, 0.15156664808573467, 7.206556561270694e-85], [0.14130799560219065, 0.7619698481027012, 0.09672215629510822], [1.8376848747348967e-40, 0.12096575189724347, 0.8790342481027564]], [[0.9617784008422882, 0.0, 0.03822159915771182], [0.0, 0.8903856436533, 0.1096143563467], [0.08386656378318488, 0.08383924827895714, 0.8322941879378579]], [[0.9583871964247036, 0.0, 0.04161280357529638], [0.0, 0.8869696261622357, 0.11303037383776425], [0.09749350697833807, 0.08360571326241668, 0.8189007797592454]], [[0.9921875454177417, 0.0, 0.007812454582258225], [0.0, 0.9975062344139639, 0.002493765586036138], [0.003703682412520845, 0.0037037037819352323, 0.992592613805544]]], "means": [[[0.1669457251618032, 0.3824621428694259, 0.3523138077985661, 0.16119900367197573, 0.4409351261035974, 0.7197588437252894, 0.25740295841363187, 0.23027984010812869, 0.313502924806996, 0.5353452354672146, 0.7929008443541206, 0.3327132980577072, 0.5250186207577465, 0.622147958636916, 0.7984191256887027, 0.4889719778801937, 0.7466068759234082, 1.0, 0.37441589801793707, 0.6778835083628263, 0.3264660954509446], [0.19935263929436936, 0.5091708979063818, 0.8465045133295945, 0.18915572136933934, 0.5269989871718459, 0.8716383779015964, 0.4335243269923342, 0.7716404731995523, 0.36014297028777986, 0.6252531382998865, 0.9473362279259088, 0.37264410731011666, 0.6319151854248893, 0.5686264907663422, 0.719668741683412, 0.954074766738793, 0.7800523488825822, 0.7459301019289658, 0.45994043924369965, 0.8352603801255716, 0.3993495635997158], [0.15007021424304295, 0.3538938279639033, 0.4533718499414711, 0.14589073070729372, 0.4074162790706014, 0.6684893355742731, 0.2456707467546192, 0.33348439208322395, 0.28235639610124724, 0.4884504631819855, 0.7296352350567396, 0.30151186468668406, 0.4852987513026099, 0.5774831580884633, 0.7352577895501662, 0.587356938396382, 0.7952811858194043, 1.0, 0.35035991008823525, 0.6337548545086275, 0.30290872879223224]], [[0.14171046446040642, 0.38126035067887193, 0.6400040182268842, 0.13683609299023025, 0.34055496854504175, 0.5362419134928179, 0.3247243560946244, 0.6036868429255077, 0.2634696724976402, 0.4582219841022809, 0.6583375235006851, 0.2846639703616065, 0.47513081293148235, 0.6303679824161054, 0.8238464748243561, 0.7099280824249194, 0.8262190168268039, 1.0, 0.21145606756159283, 0.4051701253342715, 0.21577398945920226], [0.19996463234718292, 0.5335786272204703, 0.9185707559715489, 0.18500516974932524, 0.5117470016461599, 0.887751012247732, 0.47681313504734346, 0.8894786490069976, 0.3625337416518239, 0.6209820030982914, 0.9740818491742197, 0.42329978083196096, 0.638809453434061, 0.5388204495245928, 0.7061650185948719, 0.988561018051187, 0.7156563550735772, 0.6238399364099552, 0.4434786231654294, 0.8370602735428154, 0.40927536793716646], [0.18243743588411396, 0.47565158163509846, 0.8075872481638433, 0.17586193889068644, 0.4435087518370074, 0.7263931634031064, 0.41607849761643106, 0.774445891836129, 0.33285736221539425, 0.5722719944347553, 0.853612773853093, 0.3669622934242324, 0.5868129730171482, 0.651233404170589, 0.858828597552478, 0.886024562064547, 0.8440895361769685, 0.9586303392610255, 0.3230307302740955, 0.6049686929466813, 0.3167873025727569]], [[0.20159266565275188, 0.4380079568076858, 0.7064440320339533, 0.17998611963202973, 0.4795670406922431, 0.7988278587160609, 0.30577592891978295, 0.5866601586745191, 0.3455747288950905, 0.5819826662620249, 0.8832436591616405, 0.304814366359437, 0.5776841418493731, 0.6473198212639242, 0.8467611086939066, 0.8459350045260566, 0.8604906541688453, 0.9639461818417926, 0.40470091706177863, 0.7528800516150108, 0.3703664365930081], [0.21356731223902303, 0.5155810999925368, 0.8866343874873718, 0.19284599791113521, 0.5360831889770611, 0.9211430415737478, 0.4484241575350236, 0.8307209597813142, 0.36546261953882875, 0.6388673682493291, 0.9940269239926711, 0.3979549596997876, 0.6296656742933014, 0.5521434018898577, 0.7277338642431572, 0.9732862750718998, 0.7250978913653784, 0.6508080150070689, 0.4693780124830162, 0.8851804892210372, 0.42945205675567644], [0.14642537416710708, 0.3243496041359342, 0.5380879841034851, 0.14022965836834275, 0.37887684825900153, 0.6182754772329158, 0.19666323499304797, 0.4034038695191168, 0.27250692794154946, 0.4639560045659671, 0.6875441986855929, 0.22961763473658622, 0.4575680657101717, 0.6216874361405228, 0.809277755042014, 0.6671771445313469, 0.8249271081805576, 0.9999999999999999, 0.3088665370760203, 0.5680327642682869, 0.2785525610623891]], [[0.16900000860079173, 0.4972830197278677, 0.7984628757593638, 0.16993461692555437, 0.5227862122623884, 0.9412405619470154, 0.42773963903238515, 0.7434414676989124, 0.3280215337865878, 0.6159305055067466, 0.9974590339794176, 0.35372649871511364, 0.6052957327161381, 0.5234787900394539, 0.7259881400987599, 0.8963308654905404, 0.6807520564730023, 0.6705203540573514, 0.47653267918093717, 0.9218434339247135, 0.45096728844421735], [0.24223820188791806, 0.4728495766024529, 0.6977561476207387, 0.20968669956964328, 0.5520912757023285, 0.9202841476511326, 0.4011112526866968, 0.6386601311986615, 0.39513927633106705, 0.6543824459381987, 0.9999933620957973, 0.28749554086919826, 0.6072131710054459, 0.5738745076245517, 0.7658285625406064, 0.8108851224464836, 0.662084778753378, 0.7118265923137056, 0.47093297921005944, 0.8751823370162599, 0.424910136252568], [0.23542658878431624, 0.4826010716296101, 0.7596660603520905, 0.23604139302799942, 0.5546024538034888, 0.8994146166502472, 0.3986305938433709, 0.6886424642472719, 0.42437347224759087, 0.677016999996935, 0.9978982635611698, 0.3085836451553017, 0.6634783253041873, 0.6867319925288391, 0.8477986244994434, 0.9185853230894984, 0.8361437121918701, 0.8589683099249514, 0.4474217392177579, 0.8376784436991346, 0.41669766857727036]], [[0.19079775095908244, 0.5076325959699026, 0.32399828074154413, 0.19327462835879278, 0.5278349715711615, 0.8935970055535579, 0.4551467849745837, 0.20688678992778964, 0.3578407807808834, 0.6237167129584017, 0.9613810154321106, 0.381546393225115, 0.6222745263302789, 0.5296937994134809, 0.6752980855495081, 0.5032192903395382, 0.6922260696293229, 0.9725550256762757, 0.45678305531722113, 0.8540757740172678, 0.4162483696497427], [0.2217449081493906, 0.5236828297222299, 0.5819013009137805, 0.21202493041501363, 0.5601361640579582, 0.9263417873766863, 0.4828651608032866, 0.5131115799306379, 0.38936405117129697, 0.656914435783016, 0.9992209766939428, 0.24021000114818752, 0.6589282806451623, 0.5845668248584489, 0.7166339759063115, 0.7417080869542121, 0.7356811654968329, 0.8658616373344425, 0.4778078747594349, 0.8834869566928094, 0.43167116094274754], [0.20606224850337418, 0.5138556144118558, 0.8410317042170189, 0.19571711718836513, 0.5361882182562057, 0.9155058408526499, 0.4500903283591639, 0.8003494791107643, 0.36950972832921075, 0.6344050248647382, 0.985200953430686, 0.3769212547855553, 0.6267370869974617, 0.5198986415806766, 0.6840861703722099, 0.9355474292311385, 0.6949548083398618, 0.620155981975679, 0.4703217215803631, 0.8815105477197769, 0.4327213702793423]], [[0.12718547898110555, 0.24988712262207702, 0.4270163110398771, 0.14810781217266122, 0.39008419751336354, 0.6458395884981061, 0.1616698074479791, 0.3647924750973065, 0.26073277110554455, 0.4696902941066208, 0.7064397952678404, 0.23968005559076352, 0.38763851617020534, 0.581114159896215, 0.791530493507382, 0.5465883421744835, 0.7841062027742499, 1.0, 0.32461017367532763, 0.6075848029625697, 0.2973638212009721], [0.22237916800347451, 0.5150226336225198, 0.8219941069479112, 0.20526704383257163, 0.5403603333854665, 0.9185249349705227, 0.45597845180895685, 0.7880759076358661, 0.37740995815351247, 0.6410714830291544, 0.9947595398971257, 0.3612548944251407, 0.6311221846405776, 0.5368591080652284, 0.7094026345533102, 0.9026766672832223, 0.6359020272029458, 0.5692431755972939, 0.46425243391331045, 0.8766102000263141, 0.4284613795203887], [0.20385028266666366, 0.4735316893515178, 0.4013010906844971, 0.1969842844162986, 0.5170270802874102, 0.8683100914197044, 0.39850330583434673, 0.3211512515795297, 0.36412162239451096, 0.6252587669777504, 0.9517278342692667, 0.26175142512488053, 0.6064094448050644, 0.5966640406155295, 0.7746873253635737, 0.5591806532985483, 0.6707713679779472, 0.8970556489147148, 0.43710144888387653, 0.8208679892795129, 0.4016301407969325]], [[0.12264178193352548, 0.3114061818290752, 0.5067100843099563, 0.12563708038336216, 0.3284488456006398, 0.525765350038424, 0.2274403834493769, 0.4464671754988623, 0.21317606219330756, 0.38770325234501585, 0.58093682818293, 0.256437500050678, 0.39599956335243, 0.602772334132124, 0.799058821201449, 0.5589263792376379, 0.7876345215088469, 1.0, 0.25914690427308457, 0.4799416577595542, 0.23489341924927704], [0.20940351834875595, 0.5185789270602862, 0.8977064560123638, 0.19084102098795241, 0.5305228840913421, 0.9097979621639488, 0.4553122001861705, 0.8488017446134525, 0.3691559954668381, 0.6320714543754835, 0.9851372941298785, 0.40931921217356765, 0.6315306443646327, 0.5251295742809632, 0.6911482467654528, 0.9831863565533652, 0.7109351662919078, 0.6124681310310719, 0.4693941349969894, 0.8764704869354815, 0.42954697995457075], [0.19598078714599848, 0.39804144976952116, 0.6572806465284842, 0.17020530716215623, 0.44663462589638353, 0.7306064101607055, 0.28471338944129515, 0.5260426966588971, 0.32935672414517825, 0.5429537433156605, 0.8118067781624423, 0.3069267452313718, 0.5364697778757703, 0.6255145911708044, 0.8079858600879909, 0.7869537710761235, 0.8407503278626739, 0.969227766457076, 0.37036614354905023, 0.6847120481881706, 0.33809207938001073]], [[0.2364257182795271, 0.5453789147409271, 0.8948416515207943, 0.21747814851845795, 0.5389482982653203, 0.8723899702366608, 0.4664116492141192, 0.8605744343580017, 0.4281286145186418, 0.6728492580891001, 0.9899250387064968, 0.40584164493808894, 0.6872557893004437, 0.6196268545603454, 0.7510649494020247, 0.9907317659342098, 0.7508754496814285, 0.6502719586470569, 0.45049025780985796, 0.820426917426656, 0.42552175389861613], [0.16918515971604195, 0.54237525868537, 0.9462880254368736, 0.17131178926584043, 0.5186683372240416, 0.9192371508201302, 0.4966707683658033, 0.9219273321605891, 0.3203212495080637, 0.6024396481394186, 0.9694618815822068, 0.43329251285607095, 0.6228053689799364, 0.4433140844448493, 0.5975531250001604, 0.9997565670634248, 0.6383746241642452, 0.44449000789980025, 0.47537557824205123, 0.9004371762717002, 0.43222349143831723], [0.2784115767763643, 0.5273182979109723, 0.8991619019604072, 0.22595990157762896, 0.5630351010988701, 0.9069284565684035, 0.46891714854259775, 0.8584822065677655, 0.4350604650981361, 0.6743723509842148, 0.9986534041817771, 0.412579358418461, 0.6585810542961019, 0.5822799782840725, 0.7180038116552234, 0.9775960996638923, 0.7002165820289113, 0.5919689688968826, 0.46683578367878287, 0.8510579238588833, 0.4107951556831314]]], "covars": [[[[0.0005690577820793746, 0.0006897324991434816, 0.0001290279317306023, 0.00029310169577639476, 0.00023323023069310705, 6.944533140847103e-05, 0.0006644836764783584, -0.0004326304582183, 0.0006654515233128225, 0.0005374137468043155, 0.0005236766602023258, 0.00013496400062825873, 0.0008853154653280717, 0.0008687497289426238, 0.0006574808533474427, 0.00035806821924016743, 3.792944874635439e-05, 2.6949789813185776e-05, -0.00015150742045912222, -0.0002692420786710922, 0.00015307702329766845], [0.0006897324991434816, 0.0015261197576043927, -0.00022131997287728005, 0.000521230348791197, 0.0006256619173402175, 0.0005641797798243673, 0.001359386083761241, -0.0011426580178428884, 0.0011600676271878536, 0.0012372366223196555, 0.0012556497258831949, 0.0002151937560593649, 0.0018790135335796233, 0.0017214320821821582, 0.0013608853796536504, 0.00034312709300293254, -6.0738946630884615e-05, 2.6949789813166626e-05, -4.378388366696868e-05, -1.6451979519295317e-05, 0.00041668360470598244], [0.0001290279317306023, -0.00022131997287728005, 0.003037532762701131, 8.756258126019323e-05, -0.0009631159420332528, -0.002182414619747632, 8.716349894033233e-05, 0.0021938223807849437, 0.00013709588661613202, -0.0008047235387558689, -0.0017854164242747785, 0.000441462497435145, -0.00022753656193396163, -0.0008308760943822556, -0.0019436505556826094, 0.0031392174044433457, 0.001268668355857097, 2.6949789813166626e-05, -0.0013828141983837844, -0.002552871009467406, -0.0006953141594465915], [0.00029310169577639476, 0.000521230348791197, 8.756258126019323e-05, 0.0003475329741110797, 0.00023968763464477522, 6.050807638490278e-05, 0.0004316394416876411, -0.00023764952720751992, 0.0005444826569439405, 0.00046325447250179005, 0.00034573856968824054, 9.729073563525139e-05, 0.0007293763267754069, 0.0006408043973109758, 0.00042406545634065244, 0.00039545870716810197, 0.00012468185385534523, 2.6949789813166626e-05, -0.0001211945729491752, -0.0002127067477945102, 0.0001309254606240181], [0.00023323023069310705, 0.0006256619173402367, -0.0009631159420332528, 0.00023968763464477522, 0.0007584537901766607, 0.0009947200206878225, 0.0005090628498006484, -0.0010460049257961547, 0.00040468766070140514, 0.0008334540179044858, 0.0010851790731322304, 4.16876673998914e-05, 0.0007719711327791438, 0.0009601573068719083, 0.001109699765502588, -0.0008050852859514731, -0.00034700535537616394, 2.6949789813166626e-05, 0.0005881744172565433, 0.000885191775995012, 0.0004390918612916809], [6.944533140847103e-05, 0.0005641797798243673, -0.002182414619747632, 6.050807638490278e-05, 0.0009947200206878225, 0.001991252766762278, 0.0003767004371208601, -0.0018136999261134787, 0.00012673816022756816, 0.0009559893733135902, 0.0017812641330614977, -9.093197770128687e-05, 0.0005641739843087328, 0.0008269490535780833, 0.0015981748658871612, -0.0021988485804423767, -0.0009507287757552362, 2.6949789813166626e-05, 0.0012091720772123274, 0.0021800392971696248, 0.0007003136836429529], [0.0006644836764783584, 0.001359386083761241, 8.716349894033233e-05, 0.0004316394416876411, 0.0005090628498006484, 0.0003767004371208601, 0.0016673112995841954, -0.0008832274569950143, 0.0009882894445226614, 0.001077301139210447, 0.0011319698861555693, 0.00056826193992764, 0.0016197993401981443, 0.0013358250597509883, 0.0007975940436282252, 0.0006166644833479107, 4.859968432510084e-05, 2.6949789813166626e-05, -0.00012663337084582466, -0.00020234611133493444, 0.0003827165076386732], [-0.0004326304582183, -0.0011426580178428884, 0.0021938223807849437, -0.00023764952720751513, -0.0010460049257961547, -0.0018136999261134787, -0.0008832274569950143, 0.0026535805566261688, -0.0006536985093654168, -0.001350776669764467, -0.0020700026370963106, 0.00026558640970119224, -0.0013738150407597766, -0.0017783160916238587, -0.0022816213209629504, 0.0019603481934249694, 0.0010259517348819866, 2.6949789813166626e-05, -0.0008671642216084208, -0.0016481133214917647, -0.0007228437741187315], [0.0006654515233128225, 0.0011600676271878536, 0.00013709588661613202, 0.0005444826569439405, 0.00040468766070140514, 0.00012673816022756816, 0.0009882894445226614, -0.0006536985093654168, 0.0011629206880968699, 0.0009659865474472599, 0.0007985678833902015, 0.0001578175005645537, 0.0015487000279528445, 0.0013586016781805908, 0.0009275373636729181, 0.0007318883999286617, 0.00016144951781408212, 2.6949789813166626e-05, -0.00026352919991039415, -0.0004561126994181388, 0.00026048188120721333], [0.0005374137468043155, 0.0012372366223196555, -0.0008047235387558689, 0.00046325447250179005, 0.0008334540179044858, 0.0009559893733135902, 0.001077301139210447, -0.001350776669764467, 0.0009659865474472599, 0.001291576892230081, 0.0014552579683396669, 0.00015215477730290503, 0.0015624563631805072, 0.0016126776962068251, 0.001510780044999061, -0.0003463962175991808, -0.0002619913322714102, 2.6949789813166626e-05, 0.0003273814926975352, 0.0005315782146573085, 0.0005264653461685667], [0.0005236766602023258, 0.0012556497258831949, -0.0017854164242747785, 0.0003457385696882597, 0.0010851790731322304, 0.0017812641330614977, 0.0011319698861555693, -0.0020700026370963106, 0.0007985678833902015, 0.0014552579683396669, 0.0021473381867521193, 0.00014279928539512123, 0.0014751691381954862, 0.0016292606718162704, 0.0019967322055875663, -0.0014742387493598085, -0.0007825054655877706, 2.6949789813166626e-05, 0.0008301372693954428, 0.001548098177725756, 0.00080754123859404], [0.00013496400062825873, 0.0002151937560593649, 0.000441462497435145, 9.729073563525139e-05, 4.16876673998914e-05, -9.093197770132517e-05, 0.00056826193992764, 0.00026558640970119224, 0.0001578175005645537, 0.00015215477730290503, 0.00014279928539512123, 0.0008815605284754147, 0.00019076992085346025, -0.00011093938422127458, -0.00039453134085488674, 0.0004970664793419107, 0.0001571776170382091, 2.6949789813166626e-05, -8.953310436721424e-05, -0.0002202481105893557, 7.112230797877675e-05], [0.0008853154653280717, 0.0018790135335796233, -0.00022753656193396163, 0.0007293763267754069, 0.0007719711327791438, 0.0005641739843087328, 0.0016197993401981636, -0.0013738150407597766, 0.0015487000279528445, 0.0015624563631805072, 0.0014751691381954862, 0.00019076992085346025, 0.002438816506407037, 0.0023388939848088047, 0.0018316957696975602, 0.0005418498356566699, -1.2414179047019674e-05, 2.6949789813166626e-05, -0.0001538516472127521, -0.0002225138439602643, 0.0004632594085010408], [0.0008687497289426238, 0.0017214320821821582, -0.0008308760943822556, 0.0006408043973109758, 0.0009601573068719083, 0.0008269490535780833, 0.0013358250597509693, -0.0017783160916238587, 0.0013586016781805908, 0.0016126776962068251, 0.0016292606718162704, -0.00011093938422127458, 0.0023388939848088047, 0.0029888717523381494, 0.002780923564295889, -0.0003562371866433328, -0.00035114111887981703, 2.6949789813166626e-05, 0.00012195984302360674, 0.00013418029893765834, 0.0004854081253621516], [0.0006574808533474427, 0.0013608853796536504, -0.0019436505556826094, 0.00042406545634065244, 0.0011096997655026645, 0.0015981748658871612, 0.0007975940436282252, -0.0022816213209629504, 0.0009275373636729565, 0.001510780044999061, 0.0019967322055875663, -0.00039453134085488674, 0.0018316957696975602, 0.002780923564295889, 0.003302448988453286, -0.0017993971069923617, -0.0009239576341247535, 2.6949789813166626e-05, 0.0007130655613463894, 0.0012794382468978654, 0.0006069884615809336], [0.00035806821924016743, 0.00034312709300293254, 0.0031392174044433457, 0.00039545870716810197, -0.0008050852859514731, -0.0021988485804423767, 0.0006166644833479107, 0.0019603481934249694, 0.0007318883999286617, -0.0003463962175991808, -0.0014742387493598085, 0.0004970664793418916, 0.0005418498356566699, -0.0003562371866433328, -0.0017993971069923617, 0.0037773638551852973, 0.0015155500603534916, 2.6949789813166626e-05, -0.001591243115244109, -0.002883450325262787, -0.0005683562445338566], [3.792944874635439e-05, -6.0738946630884615e-05, 0.001268668355857097, 0.00012468185385534523, -0.00034700535537624054, -0.0009507287757553127, 4.859968432510084e-05, 0.0010259517348819866, 0.00016144951781408212, -0.0002619913322714102, -0.0007825054655877706, 0.0001571776170381708, -1.2414179047019674e-05, -0.00035114111887981703, -0.0009239576341247535, 0.0015155500603534916, 0.0007557026360014626, 2.6949789813166626e-05, -0.000590189377504308, -0.001149112472652316, -0.00026865022892884983], [2.6949789813185776e-05, 2.6949789813166626e-05, 2.6949789813166626e-05, 2.6949789813166626e-05, 2.6949789813166626e-05, 2.6949789813166626e-05, 2.6949789813166626e-05, 2.6949789813166626e-05, 2.6949789813166626e-05, 2.6949789813166626e-05, 2.6949789813166626e-05, 2.6949789813166626e-05, 2.6949789813166626e-05, 2.6949789813166626e-05, 2.6949789813166626e-05, 2.6949789813166626e-05, 2.6949789813166626e-05, 2.6949789813166626e-05, 2.6949789813166626e-05, 2.6949789813166626e-05, 2.6949789813166626e-05], [-0.00015150742045912222, -4.378388366696868e-05, -0.0013828141983837844, -0.0001211945729491752, 0.0005881744172565625, 0.0012091720772122506, -0.00012663337084582466, -0.0008671642216083825, -0.00026352919991039415, 0.0003273814926975352, 0.0008301372693954428, -8.953310436719509e-05, -0.0001538516472127521, 0.00012195984302360674, 0.0007130655613463894, -0.001591243115244109, -0.000590189377504308, 2.6949789813166626e-05, 0.0009750423693815103, 0.0015437193749201481, 0.00036651853605776976], [-0.0002692420786710922, -1.6451979519371913e-05, -0.002552871009467406, -0.0002127067477945102, 0.000885191775995012, 0.0021800392971696248, -0.00020234611133493444, -0.0016481133214917647, -0.0004561126994181388, 0.0005315782146573085, 0.001548098177725756, -0.0002202481105893557, -0.0002225138439602643, 0.00013418029893765834, 0.0012794382468978654, -0.002883450325262825, -0.001149112472652316, 2.6949789813166626e-05, 0.0015437193749201481, 0.0027716910982171026, 0.0006590347952385913], [0.00015307702329766845, 0.00041668360470598244, -0.0006953141594465915, 0.0001309254606240181, 0.00043909186129166176, 0.0007003136836429912, 0.0003827165076386732, -0.0007228437741187315, 0.00026048188120721333, 0.0005264653461685284, 0.00080754123859404, 7.112230797877675e-05, 0.0004632594085010408, 0.0004854081253621516, 0.0006069884615809336, -0.0005683562445338566, -0.00026865022892884983, 2.6949789813166626e-05, 0.00036651853605778895, 0.0006590347952385913, 0.000500822471046089]], [[0.0017929497202533245, 8.803296798391481e-05, 0.00011793002754752962, 0.0008999779652898119, 0.0006911683137187575, -3.2756427392602574e-05, 0.0003055666549210546, 0.0004072949253696456, 0.001862360282729025, 0.001265618208806345, 0.0009341535758138459, 6.62571413404205e-05, 0.0007331534723123372, 0.0018770674219680391, 0.0014827468005873228, 0.00044327104308798047, 0.0008701016797231441, 0.0009106803057683345, -0.00021110230194847627, -0.0006638286383230696, 0.00013652032823316748], [8.803296798391481e-05, 0.001376381530588711, 0.003184097227005383, 0.00014634211137299624, 0.0006943090591166904, 0.0013823802276253115, 0.0018188021394349324, 0.004143256778922505, 0.00027634322114965715, 0.0007142764032369027, 0.0013331233596773566, 0.0011467511597189597, 0.0009301191869338084, -0.001111514706598947, -0.0013795591193077725, 0.002477324161510377, -0.0016249199581240923, -0.004571201452297176, 0.0007307678298469073, 0.0014153664926351355, 0.0007031622153645023], [0.00011793002754752962, 0.003184097227005383, 0.010783519316694395, 0.00017412367956937794, 0.0016465978382689305, 0.003756495055572744, 0.005060656621537973, 0.014101986725570082, 0.00039345083019030143, 0.0014966518304827267, 0.0033677447185935724, 0.00516500130557515, 0.0016738426401165143, -0.004790137156259118, -0.005594275377549436, 0.007852925243285671, -0.006405212665519922, -0.016559696662022522, 0.0020158718027421317, 0.004052686543059182, 0.0017900423861553032], [0.0008999779652898119, 0.00014634211137299624, 0.00017412367956937794, 0.0008436965137776512, 0.0005488982890256329, 7.993506858505516e-05, 0.0001369047241986395, 0.0003370948516902577, 0.0011125892761300114, 0.0007915997523870906, 0.0005726238648738145, 0.00010910107607967955, 0.0006163858588049187, 0.001250895921121533, 0.0009678077786273916, 0.0004843744658567674, 0.0006791368244511473, 0.0005857681409501496, -0.00011327347472189374, -0.00030637520568268676, 0.00017907036260601103], [0.0006911683137187575, 0.0006943090591166904, 0.0016465978382689305, 0.0005488982890256329, 0.0012229612860566517, 0.0016081123326387484, 0.000928494655808357, 0.0021317745117833153, 0.0009622204465878154, 0.0012850044159925845, 0.0017722283473186014, 0.0006033103779414136, 0.0008192537727459949, 0.0004135985911677562, 0.0004276798991056755, 0.0014873754437500408, -0.00047593879562161863, -0.0015492403132563773, 0.0008731026838194128, 0.0013829557335668303, 0.0006892253051800004], [-3.2756427392602574e-05, 0.0013823802276253115, 0.003756495055572744, 7.993506858505516e-05, 0.0016081123326387484, 0.003623124897388523, 0.001992849014972076, 0.004812808286016659, 0.0002120065894115598, 0.0013671742999817067, 0.0030364235356006276, 0.0015171094315964907, 0.0008356781856063114, -0.001649339598567521, -0.0010427160486637466, 0.0028153489735677872, -0.0026198002000953026, -0.005301130353648768, 0.00196001165320837, 0.00384466908725691, 0.0012102023695601156], [0.0003055666549210546, 0.0018188021394349324, 0.005060656621537973, 0.0001369047241986395, 0.000928494655808357, 0.001992849014972076, 0.0031305340315973167, 0.006971134376843242, 0.0003728181503561942, 0.0009403981449314725, 0.0019338754500400658, 0.0021346555632614913, 0.0009806377743885534, -0.0024600975179128737, -0.0030209983900922554, 0.003554862445176242, -0.003670541317549103, -0.008876217710920054, 0.0010160916877533358, 0.0020444773919689554, 0.0008964137253996275], [0.0004072949253696456, 0.004143256778922505, 0.014101986725570082, 0.0003370948516902577, 0.0021317745117833153, 0.004812808286016659, 0.006971134376843242, 0.0190406780685453, 0.0007038207763867988, 0.002003517377300582, 0.004434804535051563, 0.006963039587650566, 0.00206568242812474, -0.0067299356089118465, -0.007974791644609236, 0.010032130111938741, -0.009317132187042438, -0.023439017837869527, 0.0024964284890959393, 0.005107890497430463, 0.0022739452487745217], [0.001862360282729025, 0.00027634322114965715, 0.00039345083019030143, 0.0011125892761300114, 0.0009622204465878154, 0.0002120065894115598, 0.0003728181503561942, 0.0007038207763867988, 0.0025511494105767266, 0.0018628633969198485, 0.0014415418026412392, 9.564767753291415e-06, 0.0012901048641794338, 0.0028057547014544064, 0.0022738343719066532, 0.0009901489816223088, 0.0014826079089329818, 0.0014173595146152694, -0.000172493945009151, -0.0006473476919315344, 0.0003659276980492177], [0.001265618208806345, 0.0007142764032369027, 0.0014966518304827267, 0.0007915997523870906, 0.0012850044159925845, 0.0013671742999817067, 0.000940398144931517, 0.002003517377300582, 0.0018628633969198485, 0.0018976668152213497, 0.0021067390415676606, 0.0003632751531235983, 0.0012555014989860075, 0.001603664538624512, 0.0014246298523587029, 0.0016491100032039474, 0.00035601620715030696, -0.0004610722359844076, 0.0005765192709313231, 0.0008146548213284404, 0.0006727896167468755], [0.0009341535758138459, 0.0013331233596773566, 0.0033677447185935724, 0.0005726238648738145, 0.0017722283473186014, 0.0030364235356006276, 0.0019338754500400658, 0.004434804535051563, 0.0014415418026412392, 0.0021067390415676606, 0.0032926094829333914, 0.0012046739906608295, 0.0013644590164651467, 8.010963716741257e-05, 0.0002969447847331358, 0.002875152114449208, -0.0013548924433959837, -0.0036287115573092363, 0.0014833989306246161, 0.0027814378304888087, 0.0012077753768497037], [6.62571413404205e-05, 0.0011467511597189597, 0.00516500130557515, 0.00010910107607967955, 0.0006033103779413691, 0.0015171094315964907, 0.0021346555632614913, 0.006963039587650566, 9.564767753291415e-06, 0.0003632751531235983, 0.0012046739906608295, 0.003629843545437503, 0.00022805082658244996, -0.0030908475251777085, -0.00341533552291799, 0.0033668790292119342, -0.003854989866368743, -0.009035329846866823, 0.0008679476991250311, 0.001754584779008365, 0.0006987652933517577], [0.0007331534723123372, 0.0009301191869338084, 0.0016738426401165143, 0.0006163858588049187, 0.0008192537727459949, 0.0008356781856063114, 0.0009806377743885534, 0.00206568242812474, 0.0012901048641794338, 0.0012555014989860075, 0.0013644590164651467, 0.00022805082658244996, 0.0013749670567265956, 0.0013039341734484844, 0.0009272700577589187, 0.0019287559730042931, 0.000680457301343332, -0.00042484033032220975, 0.00029246048057554895, 0.00046052025931757345, 0.0006029473530824402], [0.0018770674219680391, -0.001111514706598947, -0.004790137156259118, 0.001250895921121533, 0.0004135985911677562, -0.001649339598567521, -0.0024600975179128737, -0.0067299356089118465, 0.0028057547014544064, 0.001603664538624512, 8.010963716741257e-05, -0.0030908475251777085, 0.0013039341734484844, 0.007414747135400099, 0.0071864130588382424, -0.001925340473966166, 0.007344311140620972, 0.013378971571655525, -0.0012443657612084592, -0.0028944960014890783, -0.0002651454413215334], [0.0014827468005873228, -0.0013795591193077725, -0.005594275377549436, 0.0009678077786273916, 0.0004276798991056755, -0.0010427160486637466, -0.0030209983900922554, -0.007974791644609236, 0.0022738343719066532, 0.0014246298523587029, 0.0002969447847331358, -0.00341533552291799, 0.0009272700577589187, 0.0071864130588382424, 0.007737479251115656, -0.002589341753691027, 0.007555790543689412, 0.014973306892054289, -0.0008771660964256171, -0.002061079109368731, -0.0002765272303277726], [0.00044327104308798047, 0.002477324161510377, 0.007852925243285671, 0.0004843744658567674, 0.0014873754437500408, 0.0028153489735677872, 0.003554862445176242, 0.010032130111938741, 0.0009901489816223088, 0.0016491100032039474, 0.002875152114449208, 0.0033668790292119342, 0.0019287559730042931, -0.001925340473966166, -0.002589341753691027, 0.006448792834760751, -0.0028625229514836173, -0.00965817629354263, 0.001407974122074899, 0.002800417796850257, 0.0014927250199702812], [0.0008701016797231441, -0.0016249199581240923, -0.006405212665519922, 0.0006791368244511473, -0.00047593879562161863, -0.0026198002000953026, -0.003670541317549103, -0.009317132187042438, 0.0014826079089329818, 0.00035601620715030696, -0.0013548924433959837, -0.003854989866368743, 0.000680457301343332, 0.007344311140620972, 0.007555790543689412, -0.0028625229514836173, 0.009482623917155979, 0.017578872567092466, -0.001631842865081886, -0.0034655005097015616, -0.0006509279570889114], [0.0009106803057683345, -0.004571201452297176, -0.016559696662022522, 0.0005857681409501496, -0.0015492403132563773, -0.005301130353648768, -0.008876217710920054, -0.023439017837869527, 0.0014173595146152694, -0.0004610722359844076, -0.0036287115573092363, -0.009035329846866823, -0.00042484033032220975, 0.013378971571655525, 0.014973306892054289, -0.00965817629354263, 0.017578872567092466, 0.037336364503381715, -0.003053800561899301, -0.006472165590916627, -0.0021294664606946235], [-0.00021110230194847627, 0.0007307678298469073, 0.0020158718027421317, -0.00011327347472189374, 0.0008731026838194128, 0.00196001165320837, 0.0010160916877533358, 0.0024964284890959393, -0.000172493945009151, 0.0005765192709313231, 0.0014833989306246161, 0.0008679476991250311, 0.00029246048057554895, -0.0012443657612084592, -0.0008771660964256171, 0.001407974122074899, -0.001631842865081886, -0.003053800561899301, 0.001306078168457592, 0.0022520900767753274, 0.0006622836074633726], [-0.0006638286383230696, 0.0014153664926351355, 0.004052686543059182, -0.00030637520568268676, 0.0013829557335668303, 0.00384466908725691, 0.0020444773919689554, 0.005107890497430463, -0.0006473476919315344, 0.0008146548213284404, 0.0027814378304888087, 0.001754584779008365, 0.00046052025931757345, -0.0028944960014890783, -0.002061079109368731, 0.002800417796850257, -0.0034655005097015616, -0.006472165590916627, 0.0022520900767753274, 0.00448226999096976, 0.001241859466709535], [0.00013652032823316748, 0.0007031622153645023, 0.0017900423861553032, 0.00017907036260601103, 0.0006892253051800004, 0.0012102023695601156, 0.0008964137253996275, 0.0022739452487745217, 0.0003659276980492177, 0.0006727896167468755, 0.0012077753768497037, 0.0006987652933517577, 0.0006029473530824402, -0.0002651454413215334, -0.0002765272303277726, 0.0014927250199702812, -0.0006509279570889114, -0.0021294664606946235, 0.0006622836074633726, 0.001241859466709535, 0.0008244691073992203]], [[0.00041931008434328577, 0.0005602590546455441, 0.000535888558229823, 0.00025074423693568544, 0.00022065456021152399, -3.733996496793847e-05, 0.0008015853298993785, 0.0003222643953276387, 0.00047914855502931004, 0.00038820422406823544, 0.0002814768819395068, -0.0002146602822156076, 0.0007320638880821056, 0.0007642393854107755, 0.0003274935016445333, 0.0007963715278189336, 0.0003923133154793438, 2.349475696679478e-05, -8.41001066870877e-05, -0.00027280644099411677, 0.00010830992879555866], [0.0005602590546455441, 0.0013091302535150038, 0.001214913457295635, 0.0004759022060814862, 0.0005452911873145729, 0.00027828644597668065, 0.0016334545387539478, 0.0006784909216217877, 0.0009101175332596006, 0.0009360369344218365, 0.0008277475981550395, -0.000577860160080404, 0.0016422234929219137, 0.0014992646742670878, 0.0006703251757133399, 0.0017972697078767798, 0.0008080782048732108, 2.349475696679478e-05, -3.111049926276498e-05, -0.00017791457449264672, 0.0003438628971343136], [0.000535888558229823, 0.001214913457295635, 0.004430325764290092, 0.0004911865449073947, -0.00018026350239658175, -0.0013937124855177682, 0.001604392578222763, 0.0035260570319435086, 0.0008747784197589344, 0.00026557243055824417, -0.0006392137044003625, -0.00047402548374088496, 0.0015510986391116238, 0.0012624028951046442, -0.0003383981902315375, 0.005112565332781006, 0.0022696761733640297, 2.349475696679478e-05, -0.0010234665390482494, -0.0020743497678194934, -0.0002279873785778039], [0.00025074423693568544, 0.0004759022060814862, 0.0004911865449073947, 0.0003841394041888327, 0.00025794392746499094, 3.320345822175399e-05, 0.0005371006103833375, 0.00027067940621025945, 0.00047363394265661043, 0.000391652940075641, 0.00023545075496404238, -0.00027537703753136017, 0.0007288785765618758, 0.0006628871443946228, 0.0002839616662528345, 0.0008598883401938419, 0.00040534060924680705, 2.349475696679478e-05, -8.015145819934077e-05, -0.00020292642297384218, 8.225672344114326e-05], [0.00022065456021152399, 0.0005452911873145729, -0.00018026350239658175, 0.00025794392746499094, 0.0006844688141154168, 0.0009508518285484757, 0.0006482614056580261, -0.0002638606756870281, 0.00037810613886219216, 0.0007016494574570699, 0.0009889733596392231, -0.0004151876954684627, 0.0006881911926445039, 0.0005968301461010955, 0.0005588247721674771, 7.599566852036632e-05, 3.457164072583106e-05, 2.3494756966728004e-05, 0.0005507632612749108, 0.0008826355697324483, 0.00043078176793695744], [-3.733996496793847e-05, 0.00027828644597671404, -0.0013937124855177682, 3.320345822175399e-05, 0.0009508518285484757, 0.002137840805818945, 0.00020299716263289961, -0.0011465035365499452, -8.025415777137743e-07, 0.0007633180267089956, 0.0017482710260184446, -0.00041322643880655857, 0.00018803789358598223, -0.00013527320632521344, 0.0006861761877188891, -0.001420436329238361, -0.0007799470227384603, 2.349475696679478e-05, 0.0013004869281669255, 0.0024553578371227253, 0.0007515595188518578], [0.0008015853298993785, 0.0016334545387539478, 0.001604392578222763, 0.0005371006103833375, 0.0006482614056580261, 0.00020299716263289961, 0.0025056345230248245, 0.0010680808806370974, 0.0010495427204046284, 0.0010954655888600463, 0.0009856179505419015, -0.0004483997376110907, 0.0019767881103053267, 0.0018191655296506055, 0.0006134787825140283, 0.0022974170990039504, 0.0010901954971409063, 2.3494756966728004e-05, -7.374709787678033e-05, -0.0003770396935682809, 0.0003700994819906866], [0.0003222643953276387, 0.0006784909216217877, 0.0035260570319435086, 0.00027067940621025945, -0.0002638606756870281, -0.0011465035365499452, 0.0010680808806370974, 0.0030923186888225924, 0.00041421657681407667, -6.104847232105111e-05, -0.0007112580448988149, -0.00015012804314047087, 0.0008028330997087317, 0.000510989213840527, -0.0006070163873668334, 0.0039131246904752556, 0.001767667081385887, 2.349475696679478e-05, -0.0007578841370662214, -0.0015479127292720972, -0.00027556465435653766], [0.00047914855502931004, 0.0009101175332596006, 0.0008747784197589344, 0.00047363394265661043, 0.00037810613886219216, -8.025415777137743e-07, 0.0010495427204046284, 0.00041421657681407667, 0.0008645559811501999, 0.0007024627158819407, 0.00045048024748438125, -0.0005578394724386205, 0.00130267382934235, 0.0013225735282337175, 0.0006275481623372643, 0.0014253682665586445, 0.0006700989657435959, 2.349475696679478e-05, -0.00017833123599683568, -0.0004443656636268074, 0.0001706062766901154], [0.00038820422406823544, 0.0009360369344218365, 0.00026557243055824417, 0.000391652940075641, 0.0007016494574570699, 0.0007633180267089956, 0.0010954655888600463, -6.104847232105111e-05, 0.0007024627158819407, 0.0009434524405300907, 0.001066943372189309, -0.0006119385791707914, 0.0012139828150023364, 0.0011572468942221926, 0.0007845050379504124, 0.0007138812723392184, 0.0003249431430257421, 2.349475696679478e-05, 0.000339754028914108, 0.0004929961926579511, 0.00044374196001440884], [0.0002814768819395068, 0.0008277475981550395, -0.0006392137044003625, 0.00023545075496404238, 0.0009889733596392565, 0.0017482710260184446, 0.0009856179505419015, -0.0007112580448988149, 0.00045048024748438125, 0.001066943372189309, 0.0017840432373108922, -0.0006167862948500082, 0.0009229263893865988, 0.0007019119423647157, 0.0009347528839506121, -0.00039697412213352993, -0.00028004305464057175, 2.349475696692833e-05, 0.0009760291623994755, 0.001763486962005144, 0.0007646526337126971], [-0.0002146602822156076, -0.0005778601600804207, -0.00047402548374088496, -0.0002753770375313518, -0.0004151876954684627, -0.00041322643880655857, -0.0004483997376110907, -0.00015012804314047087, -0.0005578394724386205, -0.0006119385791707914, -0.0006167862948500082, 0.0013965141267602607, -0.0009169432593156981, -0.0011713149924320004, -0.0009943890301998767, -0.0008928385813744807, -0.00040729396239943004, 2.3494756966728004e-05, -8.102933470929752e-05, -0.00015905596253464803, -0.00022422579922815202], [0.0007320638880821056, 0.0016422234929219137, 0.0015510986391116238, 0.0007288785765618841, 0.0006881911926445039, 0.00018803789358598223, 0.0019767881103053267, 0.0008028330997087317, 0.0013026738293423668, 0.0012139828150023364, 0.0009229263893865988, -0.0009169432593156981, 0.0022285640430996334, 0.0021460763136982013, 0.0010002238437025871, 0.0024264491076040977, 0.0011114596327122855, 2.3494756966728004e-05, -0.0001862120091406822, -0.00048767119747348316, 0.0003588722365247738], [0.0007642393854107755, 0.0014992646742670878, 0.0012624028951046108, 0.0006628871443946228, 0.0005968301461010288, -0.00013527320632521344, 0.0018191655296506055, 0.000510989213840527, 0.0013225735282337175, 0.0011572468942221926, 0.0007019119423647157, -0.0011713149924320004, 0.0021460763136982013, 0.002592318199323248, 0.0013779503716985764, 0.0020739615272029593, 0.0010699364546371498, 2.3494756966728004e-05, -0.00034546239398069263, -0.0008849564864463402, 0.0002887784004938375], [0.0003274935016445333, 0.0006703251757133399, -0.0003383981902316043, 0.0002839616662528345, 0.0005588247721674771, 0.0006861761877188891, 0.0006134787825140283, -0.0006070163873668334, 0.0006275481623372977, 0.0007845050379504124, 0.0009347528839506121, -0.0009943890301998767, 0.0010002238437025871, 0.0013779503716986432, 0.0013124919511558995, -3.402280301506597e-05, -7.333108055814692e-06, 2.3494756966527673e-05, 0.00027625145211955564, 0.00046210886082690924, 0.00037266695965331993], [0.0007963715278189169, 0.00179