{"startprob": [[0.0, 0.9545376477436869, 0.04546235225631309], [0.0, 1.0, 2.160356755244407e-57], [0.0, 0.9499999958762444, 0.050000004123755666], [0.8565735195744222, 1.3367563118097313e-16, 0.14342648042557768], [6.250748832970972e-30, 1.0, 0.0], [0.0, 1.0, 1.5025181750282189e-92], [1.0, 0.0, 2.7992703719031927e-115]], "transmat": [[[0.9612023664850762, 0.0005891007771365713, 0.038208532737787265], [0.0008114936287976404, 0.9611159045810175, 0.038072601790184964], [0.06987603636384422, 0.04946868777193559, 0.8806552758642202]], [[0.9793375773391217, 0.0, 0.020662422660878248], [0.0, 0.9721060335058337, 0.027893966494166433], [0.03643835549570003, 0.047283620860270124, 0.9162780236440298]], [[0.9615395386702099, 0.0, 0.038460461329790016], [0.0, 0.9435849239394395, 0.05641507606056048], [0.057925496735380375, 0.08453996636890268, 0.857534536895717]], [[0.9602131641696074, 0.006307640985670401, 0.03347919484472212], [0.012397934812238966, 0.9026556613249423, 0.08494640386281867], [0.06290570260997463, 0.11956100053102622, 0.8175332968589992]], [[0.9181434948800263, 0.037939198936797904, 0.043917306183175915], [0.03543957941445769, 0.9645604205855424, 1.6854641890162876e-193], [0.060363416689702964, 7.579235283169425e-190, 0.939636583310297]], [[0.9783040750964602, 0.0, 0.02169592490353978], [0.0, 0.9892534652884686, 0.010746534711531412], [0.03694805199295406, 0.01976554750153714, 0.9432864005055088]], [[0.9909045549865854, 0.0, 0.009095445013414624], [0.0, 0.9877340325588692, 0.012265967441130734], [0.017123220989573324, 0.02036731370327086, 0.9625094653071558]]], "means": [[[0.13637622666426816, 0.35203631102881194, 0.3734523943512625, 0.14012035962990685, 0.4190834195668487, 0.7331251711798975, 0.25246186115818336, 0.2785584187954943, 0.2671995258282033, 0.4919103719756667, 0.7797434189047125, 0.33910552935114924, 0.4725094781869381, 0.5276606972063241, 0.7254205982113286, 0.49636453653995044, 0.7359264677289733, 1.0000000000000002, 0.3794851589507814, 0.7114274680560176, 0.3360409574716305], [0.16946203397807333, 0.5296890657409193, 0.9366413464853244, 0.17218104411130722, 0.5192768908351881, 0.9134307960868462, 0.4806595791885261, 0.9024862387652302, 0.32636171661954416, 0.6042041480359888, 0.9648549120409857, 0.42934812669245087, 0.617622465096269, 0.45088052578688453, 0.6139813563281149, 0.9985883030177698, 0.655193164078498, 0.49496460447285456, 0.47608212773157654, 0.8933942796517927, 0.423210871204395], [0.21085925766080188, 0.49248224710580485, 0.5972636034635035, 0.17714256570745154, 0.5025275078165196, 0.8973997321660727, 0.435394039235918, 0.5287425524637869, 0.35814903264057485, 0.6065869338264334, 0.9609923497146788, 0.3370576438287081, 0.6038549263849354, 0.5188203870991821, 0.7021244113533159, 0.7173585598983004, 0.7064596120636134, 0.8570250032513061, 0.4583796740816091, 0.8779815082856783, 0.4253754070106919]], [[0.13116326774748505, 0.305665426240147, 0.512615704030359, 0.13178120744915814, 0.38677837345916805, 0.6793848130895503, 0.18671002769726808, 0.39271912902113904, 0.24807139262092454, 0.46999248160706414, 0.7409776401710902, 0.22790522720189685, 0.42502090412667864, 0.592006020176979, 0.8205617828925731, 0.6316175680652443, 0.7956246334265226, 1.0000000000000002, 0.33546421603113, 0.6466526121523867, 0.3166049046063811], [0.16434163613071945, 0.5256655214279935, 0.9361439838398974, 0.17191288848519906, 0.513682824954025, 0.9279785751671799, 0.48061342107453653, 0.9091165568483613, 0.3205549292680811, 0.5997436563888816, 0.980343930529582, 0.4369023071260345, 0.6116529118125713, 0.45270208067913204, 0.6271359425226684, 0.9955819993915408, 0.652616482802266, 0.47818944702375554, 0.4703712863317956, 0.9095331912454915, 0.4457685550457097], [0.16891747606421065, 0.45554364354543403, 0.7398033971475936, 0.1682895420964745, 0.5024197325602423, 0.9039228186288508, 0.36666378137722366, 0.6483809119130837, 0.3161096737428182, 0.5947374092062461, 0.9650792575044826, 0.32204189915434195, 0.5705366026816634, 0.5579988906336086, 0.7867531083845339, 0.8528911639398958, 0.7583008243877495, 0.8402220580850702, 0.45258250693606306, 0.876654893927381, 0.43045098769345735]], [[0.12569402731498952, 0.39907619573128894, 0.6876746283262165, 0.13038836611013516, 0.31962148603026613, 0.5095564139330768, 0.34977247323571453, 0.6519908716569541, 0.24691687959104153, 0.4371992523327311, 0.6265160514122811, 0.3097431445299699, 0.48435795005585985, 0.6097979539819766, 0.7913491894535053, 0.7569538190049636, 0.8416441698883383, 1.0, 0.2019046925197035, 0.38770011099565993, 0.21739674476249235], [0.17020542988150658, 0.5303579610439425, 0.9408422784684793, 0.172568734362559, 0.5034985213779001, 0.9053264073953936, 0.4859544301812096, 0.9184091122573872, 0.32204652504371256, 0.5915604706405231, 0.96276969752608, 0.4427427930621249, 0.6136261116690479, 0.44537276452873564, 0.6112771106825444, 0.998378831321772, 0.6514823033890691, 0.4737089965243244, 0.45916760659600825, 0.8835020961361091, 0.4302455677340642], [0.16649617749192142, 0.4987708231921078, 0.8809289721758592, 0.17140672141675023, 0.4328209338919481, 0.7058125348735462, 0.4491690564336873, 0.848727811616962, 0.30993312382414206, 0.5445996736407887, 0.8115251886927982, 0.4111006106090098, 0.5860938723728502, 0.5571956884438414, 0.7307711403014976, 0.945788388155293, 0.7999591384811527, 0.8259205636304119, 0.3455715703757571, 0.6213851725313637, 0.3217887903556331]], [[0.1694895464876513, 0.5258251037870385, 0.9311874910334812, 0.1710835694600038, 0.4969322636374687, 0.9115190650174895, 0.4763551498342091, 0.8993786890256531, 0.3261792155080221, 0.5869116887946463, 0.9655864959458782, 0.4333008283918385, 0.6166907924674956, 0.4529288957082204, 0.6225752437595052, 0.9962204887026116, 0.6626520027228023, 0.49271121679440133, 0.4557881060881764, 0.8941457923390078, 0.44354180137186844], [0.16563075284169454, 0.47819177535214397, 0.7944236430864896, 0.16929305611647052, 0.5166469768721691, 0.9397771697745977, 0.4103307514227777, 0.7323066682117996, 0.32504652157208325, 0.6090523192860853, 0.9975028028997337, 0.3466035445090166, 0.5912966292995224, 0.5157422641917543, 0.7372815169882999, 0.8976702525203547, 0.6891885998767849, 0.7006436764493476, 0.4743148575212308, 0.9207893989545302, 0.4505812731011967], [0.2189449242153259, 0.49696908115145566, 0.7682797641036044, 0.18115163292616182, 0.5297993027813948, 0.9278321192551191, 0.45725479056213053, 0.7328535963410441, 0.35905693693690044, 0.625780393225777, 0.9906247478831268, 0.3346105523477757, 0.5971630869337243, 0.4824472312340088, 0.6761569660761798, 0.8598691079127105, 0.6364524251253577, 0.628248639786686, 0.48514702958397776, 0.9073579897098577, 0.43301030100056953]], [[0.206424884575814, 0.5165531496932958, 0.694371413554303, 0.17989667585902885, 0.5147349145043102, 0.9374628761702211, 0.4756002432267002, 0.6513457809737608, 0.362964225193294, 0.6137682206413921, 0.9998486408742094, 0.277805159552514, 0.6158374944799445, 0.4665211856345995, 0.6528196479825439, 0.795674795831728, 0.6176359967228785, 0.6810186124228479, 0.4734300213820875, 0.9196037543595422, 0.45461199512661327], [0.1792155289683277, 0.5347559630806548, 0.939999312468025, 0.1713822834511109, 0.5027879593401465, 0.9118745774009301, 0.48874142211148247, 0.9099346849610088, 0.32641197040615433, 0.5867260563046045, 0.9633363680544321, 0.42846332319136227, 0.6166887639123761, 0.4319768527766713, 0.593457842201934, 0.9979744597184317, 0.6487682685802025, 0.4639723754110702, 0.4617266018663533, 0.8947976760330537, 0.4405673950577613], [0.16921088774873608, 0.5212082869560586, 0.35802683636477994, 0.17099668928819456, 0.5058749961677117, 0.9215243687268856, 0.46857102791843935, 0.25703596930609607, 0.3248571105682762, 0.5908987447693193, 0.9709459711669788, 0.366807775826038, 0.6185568380574801, 0.46998111839573464, 0.6435979460799095, 0.50750168199297, 0.6276147175792084, 0.9277634588992942, 0.4649721470455296, 0.9038035463897546, 0.4449529780033135]], [[0.08676469877840312, 0.2636257416526162, 0.5147540939239759, 0.08590389942262072, 0.2832795524094288, 0.49179096552776286, 0.20700146545898027, 0.4764603953686812, 0.16776897161318646, 0.3419412690449295, 0.5375183311606659, 0.2791979440326399, 0.32768908371230665, 0.5415692494749119, 0.7392915051230186, 0.5582759469762014, 0.7943740735349933, 1.0, 0.2487173921440684, 0.4677252605703077, 0.22199501737536206], [0.1711745269634061, 0.5463585479699855, 0.9391491274094093, 0.16814769613800046, 0.51915931415261, 0.925817839202455, 0.5001932738538103, 0.9117865019692252, 0.3200348899503232, 0.6028900108562038, 0.9766783403971772, 0.41817853658413423, 0.6308036687475249, 0.4382724173528254, 0.5990065747914616, 0.9998667782922812, 0.6319531923081059, 0.45216171268637584, 0.4843302500339698, 0.9148039443466214, 0.43594933179474193], [0.14406318606264223, 0.36651850396340946, 0.635503572630438, 0.14786703791224734, 0.4480649782744312, 0.7993099578989824, 0.2755250984707292, 0.5561966660818113, 0.28020266149100626, 0.5268742791122292, 0.8500175138518326, 0.3154366617054769, 0.4855373564683166, 0.5555235480768219, 0.7871629744834001, 0.7436979996313582, 0.7564826389207671, 0.8818012118224384, 0.4084712639717533, 0.7802758312652521, 0.376091216881847]], [[0.16748841568489778, 0.5399286495327916, 0.9448455296903555, 0.1716970828143428, 0.5173718031646127, 0.9352557902068287, 0.49642699020280895, 0.9213989245327289, 0.31585368182703033, 0.5974347378342149, 0.9831611525856627, 0.4327734148149154, 0.6155901738328818, 0.4286902592018124, 0.6029327780945992, 0.9947174640279748, 0.6269366238206097, 0.4359010866650274, 0.47526554181874603, 0.9158686899955297, 0.4484075643809114], [0.11321357973081471, 0.291278791600234, 0.48065861793757564, 0.11823728945288653, 0.3543510309904244, 0.6208413595072038, 0.2146295180836792, 0.42001768392773264, 0.22165643092478715, 0.4235232588831422, 0.6698474475913091, 0.2318722440984526, 0.3956290868839737, 0.5785193852306834, 0.7971752660602917, 0.5676095383923624, 0.7805159882103515, 1.0, 0.32373920424178776, 0.6048309781062351, 0.28536744883093446], [0.17369432535271273, 0.45040858106486, 0.5098049826583975, 0.17086269199052193, 0.5007434244408986, 0.8940956827171858, 0.38295544725987046, 0.4462252825454548, 0.3162426978519091, 0.5875832322260812, 0.9492694292271535, 0.28395209238662666, 0.5574962250704809, 0.508109459187842, 0.7259790548511635, 0.6226688201696566, 0.6155915202555057, 0.8021246974488546, 0.45660740466357397, 0.8715907342727856, 0.4227819617570495]]], "covars": [[[[0.00012927982692690352, 0.00037019523467787905, -7.30580509460727e-05, 9.03361534550095e-05, 0.00023288682337596113, 0.00038364710456156165, 0.00037769378116273754, -0.00017191791707917668, 0.00016190399142271142, 0.000288627511409079, 0.00043208213672789287, -7.655850206150413e-06, 0.0003818131005200513, 0.0001568808418706455, 0.00011348796682009011, 3.985263892492301e-05, -3.1518326824339665e-05, 5.891007771350972e-06, 0.0002141195516808109, 0.00038581752673396737, 0.00018393199353537756], [0.00037019523467787905, 0.0024785466199932953, -0.00018185923024941554, 0.00027990873516110744, 0.0010465316274677963, 0.0024014456179539765, 0.002882116040996, -0.0008112162687530932, 0.0006649004677971677, 0.001293030276351552, 0.002582569923689701, 0.0004897252361866538, 0.0023156436461956335, 4.564904848320843e-05, -0.00014437424997085278, 0.00040116888558156064, -0.0005551730149076631, 5.891007771350972e-06, 0.0010117473838756623, 0.00238587698816153, 0.0013645308243568752], [-7.30580509460727e-05, -0.00018185923024941554, 0.003455424918965159, -0.0001943070256779988, -0.000581532269474796, -0.0013266093574640972, -0.00010325480491255616, 0.0026865677323531, -0.0002807200545316068, -0.0006274913286418703, -0.0013443629534261514, -0.0004910233954609243, -0.0004316749131776073, -0.0006405499576719472, -0.0013604430661488397, 0.003487014426942951, 0.0017002278279251274, 5.8910077712839995e-06, -0.0005992747945937914, -0.0013172988578186947, -0.0006975448747671321], [9.03361534550095e-05, 0.0002799087351611158, -0.0001943070256779988, 0.00018522592143777853, 0.00024266709923804873, 0.00037704604034787274, 0.00031247660824657036, -0.00022174105588954884, 0.00016406976270704938, 0.00027317901614675914, 0.0004122655034586045, 1.8691691173082148e-05, 0.00034925861307392574, 0.0001446420374701564, 0.00012578628800984787, -2.1336063505967907e-05, -6.460401839566328e-05, 5.8910077713342285e-06, 0.00021490297259113827, 0.00038732969418805584, 0.00018205821967575672], [0.00023288682337596113, 0.0010465316274677963, -0.000581532269474796, 0.00024266709923804873, 0.0009460020477125558, 0.0014226395432559403, 0.001046776752810171, -0.0008184661765686275, 0.0004373005196823235, 0.0010240572598378286, 0.0014761607446414024, -0.0001205641518001173, 0.0011049603035086656, 0.0005625644064502182, 0.0005414993203800461, -0.00025713804686717596, -0.00021384349453025287, 5.891007771350972e-06, 0.0008962012047272989, 0.0014199093665672234, 0.0005453671928473977], [0.00038364710456156165, 0.0024014456179539765, -0.0013266093574640972, 0.00037704604034787274, 0.0014226395432559403, 0.003142598625466335, 0.0027621476787683414, -0.001630436511269826, 0.0007808344891166669, 0.0016412353963682126, 0.003291307949201354, 0.00039779499231261167, 0.002350896111441171, 0.0002734298143465769, 0.0005571696108707796, -0.0007547723591117462, -0.001177135009280111, 5.891007771217026e-06, 0.0013915127886900153, 0.0031064710717852604, 0.0016976230163051758], [0.00037769378116273337, 0.002882116040996017, -0.00010325480491255616, 0.00031247660824657036, 0.001046776752810171, 0.0027621476787683414, 0.0036343714325294766, -0.0007204062381546317, 0.0006723062806535794, 0.0013152006076069468, 0.0029847790989187516, 0.000939795578762192, 0.0026159361327958786, -0.00048171323630584115, -0.0006838514940165282, 0.000588672085279587, -0.0007641784449488128, 5.891007771350972e-06, 0.0010149867405574238, 0.002730171540422359, 0.0016913056643758477], [-0.00017191791707917668, -0.0008112162687530932, 0.0026865677323531, -0.00022174105588954884, -0.0008184661765686275, -0.001630436511269826, -0.0007204062381546317, 0.0025995576748344667, -0.0004575378358795502, -0.0009508844158778938, -0.0017024891465106612, -0.00021685978364795885, -0.0009794767732341102, -0.0007068248860244789, -0.0011287276691471226, 0.002505453709269176, 0.0013155858376508018, 5.8910077713844584e-06, -0.0007975411299815234, -0.001606109880978925, -0.0007935862947562974], [0.00016190399142271142, 0.0006649004677971677, -0.0002807200545316068, 0.00016406976270704938, 0.0004373005196823235, 0.0007808344891167004, 0.0006723062806535794, -0.0004575378358795502, 0.00031747908875426204, 0.0005438499389165836, 0.0008547922290699368, -3.121840044850136e-05, 0.0007220004581622247, 0.00031579321759346487, 0.0002848641501359715, -5.399366918730011e-05, -0.0001494907686066942, 5.8910077712839995e-06, 0.00040489873761562624, 0.0007773343457417492, 0.0003847581668914375], [0.000288627511409079, 0.0012930302763515854, -0.0006274913286418703, 0.00027317901614675914, 0.0010240572598378286, 0.0016412353963682126, 0.0013152006076069468, -0.0009508844158778938, 0.0005438499389165836, 0.0011815041900315037, 0.0017565153167672849, -0.0001246917962699639, 0.001360706502263171, 0.0006606965460041287, 0.0006147529574670698, -0.00023136293123837177, -0.00026786766464197256, 5.891007771350972e-06, 0.0009569829050837061, 0.001625572035298053, 0.000689555445448676], [0.00043208213672789287, 0.002582569923689701, -0.0013443629534261514, 0.0004122655034586045, 0.0014761607446414024, 0.0032913079492012873, 0.0029847790989187516, -0.0017024891465106612, 0.0008547922290699368, 0.0017565153167672849, 0.0035030657331439055, 0.0004090976944897844, 0.0025357305115939416, 0.0003279288633233606, 0.0005896014870436848, -0.0007094758470789421, -0.0012067682077388049, 5.891007771350972e-06, 0.0014205502650194673, 0.0032399888075922566, 0.0018042256256952836], [-7.655850206142041e-06, 0.0004897252361866538, -0.0004910233954609243, 1.8691691173082148e-05, -0.0001205641518001173, 0.00039779499231261167, 0.000939795578762192, -0.00021685978364795885, -3.1218400448484626e-05, -0.0001246917962699639, 0.0004090976944897844, 0.001530138436242048, 0.0002821135273048029, -0.001049865763472923, -0.0010376129018879957, -0.0004952293390915637, -0.0006263177437128299, 5.8910077712839995e-06, -4.370286016037762e-05, 0.000428230014188479, 0.00045631163109821084], [0.00038181310052004297, 0.0023156436461956335, -0.0004316749131776073, 0.0003492586130739341, 0.0011049603035086656, 0.002350896111441171, 0.0026159361327958786, -0.0009794767732341102, 0.0007220004581622247, 0.001360706502263171, 0.0025357305115939416, 0.0002821135273048029, 0.0022949026319305866, 0.0003742159776187407, 0.00020455126747795884, 0.00019806288466932292, -0.0005356616952618125, 5.891007771217026e-06, 0.0010632267789462335, 0.002354122415695075, 0.001288483194989878], [0.0001568808418706455, 4.564904848317494e-05, -0.0006405499576719472, 0.0001446420374701564, 0.0005625644064502182, 0.0002734298143465769, -0.00048171323630584115, -0.0007068248860244789, 0.00031579321759343137, 0.0006606965460041287, 0.0003279288633233606, -0.001049865763472923, 0.0003742159776187407, 0.0016553376185223475, 0.0016077050537988279, -0.0005553622481154412, 0.0002172956127350467, 5.891007771150053e-06, 0.00044796071827170065, 0.0002523748292108042, -0.00015114951209358092], [0.00011348796682009011, -0.00014437424997085278, -0.0013604430661488397, 0.00012578628800984787, 0.0005414993203800461, 0.0005571696108707796, -0.0006838514940165282, -0.0011287276691471226, 0.0002848641501359715, 0.0006147529574670698, 0.0005896014870436848, -0.0010376129018879957, 0.00020455126747795884, 0.0016077050537988279, 0.002016488410262227, -0.0014013720682000438, -0.0003458871529203962, 5.891007771217026e-06, 0.00046061690280996563, 0.0005113170538620997, 7.088972563886622e-05], [3.985263892492301e-05, 0.00040116888558156064, 0.003487014426942951, -2.1336063505967907e-05, -0.00025713804686717596, -0.0007547723591117462, 0.000588672085279587, 0.002505453709269176, -5.399366918730011e-05, -0.00023136293123837177, -0.0007094758470789421, -0.0004952293390915637, 0.00019806288466932292, -0.0005553622481154412, -0.0014013720682000438, 0.0038367962489497284, 0.0017157379983894258, 5.8910077712839995e-06, -0.0003019664550088434, -0.0007328775560209327, -0.0004074190175639327], [-3.151832682435641e-05, -0.0005551730149076296, 0.0017002278279251274, -6.460401839566328e-05, -0.00021384349453025287, -0.001177135009280111, -0.0007641784449488128, 0.0013155858376508018, -0.0001494907686066942, -0.00026786766464197256, -0.0012067682077388049, -0.0006263177437128299, -0.0005356616952618125, 0.0002172956127350467, -0.0003458871529203962, 0.0017157379983894258, 0.0013085206320219511, 5.891007771217026e-06, -0.0002659019792544453, -0.0011504655185372293, -0.0008353066288674961], [5.891007771350972e-06, 5.891007771350972e-06, 5.8910077712839995e-06, 5.8910077713342285e-06, 5.891007771350972e-06, 5.891007771217026e-06, 5.891007771350972e-06, 5.8910077713844584e-06, 5.8910077712839995e-06, 5.891007771350972e-06, 5.891007771350972e-06, 5.8910077712839995e-06, 5.891007771217026e-06, 5.891007771150053e-06, 5.891007771217026e-06, 5.8910077712839995e-06, 5.891007771217026e-06, 5.891007770949134e-06, 5.891007771350972e-06, 5.891007771217026e-06, 5.8910077712839995e-06], [0.0002141195516808109, 0.0010117473838756623, -0.0005992747945937914, 0.00021490297259113827, 0.0008962012047272989, 0.0013915127886900153, 0.0010149867405574071, -0.0007975411299815234, 0.00040489873761562624, 0.0009569829050837061, 0.0014205502650194673, -4.370286016037762e-05, 0.0010632267789462335, 0.00044796071827170065, 0.00046061690280993213, -0.0003019664550088434, -0.0002659019792544453, 5.891007771350972e-06, 0.0009227333394268969, 0.0014428500131883628, 0.0005348809060524744], [0.00038581752673396737, 0.00238587698816153, -0.0013172988578186947, 0.00038732969418805584, 0.0014199093665672234, 0.0031064710717852604, 0.002730171540422359, -0.001606109880978925, 0.0007773343457417492, 0.001625572035298053, 0.0032399888075922566, 0.000428230014188479, 0.002354122415695075, 0.0002523748292108042, 0.0005113170538620997, -0.0007328775560209327, -0.0011504655185372293, 5.891007771217026e-06, 0.0014428500131883628, 0.0031317935589902698, 0.0016725353250554382], [0.00018393199353537756, 0.0013645308243568752, -0.0006975448747671321, 0.00018205821967575672, 0.0005453671928473977, 0.0016976230163051758, 0.0016913056643758477, -0.0007935862947562974, 0.00038475816689142073, 0.000689555445448676, 0.0018042256256952836, 0.00045631163109821084, 0.001288483194989878, -0.00015114951209358092, 7.08897256389332e-05, -0.0004074190175639662, -0.0008353066288674961, 5.8910077712839995e-06, 0.0005348809060524744, 0.0016725353250554719, 0.0011270676544103543]], [[0.00024568518581322336, 4.3808109014539134e-05, -1.8751284307353895e-05, 0.00010571168308926258, 5.7994045658559155e-05, 2.70692436744667e-05, 2.0981533617675198e-05, -1.972493193114628e-05, 0.000103083190803537, 8.624191232745793e-05, 6.256742024089391e-05, -2.4315328927782378e-05, 6.519221334543597e-05, 8.759307469876695e-05, 5.117751268715397e-05, 9.222306639019837e-06, 1.2326797135568006e-05, -2.2240608947142028e-06, 3.86883290774782e-05, 4.698022503304309e-05, 2.5796751147959342e-05], [4.3808109014539134e-05, 0.000473326995426523, 0.0001427287293595907, 4.335064685291395e-05, 0.00034818055696809075, 0.0001257019297877453, 0.0004629798538011749, 0.00018124534677310442, 2.7202962814555064e-05, 0.0003324060076060329, 0.00015230251073539426, -0.00025639620072305665, 0.0003417113693392539, 0.00020395396377812801, -9.430578030244818e-05, 2.4882495591374667e-05, -0.00015964722127880622, -0.00014491760245775458, 0.0002399651202581457, 4.3670875850433656e-05, -0.0001601393671108466], [-1.8751284307353895e-05, 0.0001427287293595907, 0.0002337988902576603, -4.0370880571213516e-05, 8.2297465089782e-05, -2.1335546998222004e-07, 0.00021896975423333693, 0.00035492167604866655, -6.410376399810873e-05, 4.105277449652386e-05, -1.758228343644173e-05, 0.0001336515655236248, -5.740977623687022e-06, -0.00021603239779968225, -0.00032269412348408027, 3.1959139271341764e-05, -0.0003250955520143541, -0.0006747495533650263, 3.090833650207149e-05, -5.7269350426796715e-05, -6.918357896500728e-05], [0.00010571168308926258, 4.335064685291395e-05, -4.0370880571213516e-05, 0.000290830931598096, 8.58238576600809e-05, 4.989638105405223e-05, 2.0850978935838203e-05, -3.547524419379584e-05, 0.00011846010193971936, 7.24879445419767e-05, 6.0506709892438256e-05, -3.5526462466759195e-05, 7.871826425251871e-05, 4.351746642440187e-05, 2.846499637982188e-05, 1.2798320000179653e-05, -4.0874045410695226e-05, -7.165674649323818e-05, 7.173009749411477e-05, 0.00010186144880559586, 4.2372740300911807e-05], [5.7994045658559155e-05, 0.00034818055696809075, 8.2297465089782e-05, 8.58238576600809e-05, 0.0005140058823898864, 0.0003230862976120804, 0.00034871914846803744, 9.699055737700977e-05, 9.489032753641365e-05, 0.0004968616803983329, 0.00034861467210445387, -0.00023589348864323122, 0.0002799679991496968, 0.00024531892223004066, 0.00011691422123971105, 2.2412322409979788e-06, -0.00016365368714421155, -3.5468974609358918e-06, 0.00038553695182921393, 0.00023245427811142394, -0.00010656299675220733], [2.70692436744667e-05, 0.0001257019297877453, -2.1335546998222004e-07, 4.989638105405223e-05, 0.0003230862976120804, 0.0006931451748521352, 0.00014999736531736796, 4.284350920576311e-05, 0.00021650262053169865, 0.0003868476192378223, 0.000707356133704927, -8.707216990056335e-05, 0.00017829541206410094, 0.00013721329494912195, 0.00043448429250864123, -3.9194440285363186e-05, -0.00027247753461687396, -0.00021348981207078963, 0.00026757140276342345, 0.0006195150574496726, 0.00034836920907895853], [2.0981533617675198e-05, 0.0004629798538011749, 0.0002189697542334277, 2.0850978935838203e-05, 0.00034871914846803744, 0.00014999736531745873, 0.0005857659890960781, 0.0003779895760241745, 2.0740644198538532e-05, 0.00034619695094386435, 0.00018331097560321224, -0.00017844169839755197, 0.00027948483877905347, -5.550279402644445e-05, -0.0003448491650069864, 6.653402588412762e-06, -0.00044856489769931954, -0.0006810360065887405, 0.00025495276587723974, 7.005974359852213e-05, -0.00014898827644782637], [-1.972493193114628e-05, 0.00018124534677310442, 0.00035492167604866655, -3.547524419379584e-05, 9.699055737691898e-05, 4.284350920576311e-05, 0.00037798957602408375, 0.0006642070625199227, -4.863184062563054e-05, 7.587818196418678e-05, 4.507705558382355e-05, 0.00027886584814876037, -3.872578555251832e-05, -0.0004933538654076115, -0.0006142304674493912, 2.04427281129143e-05, -0.0007622056459836412, -0.0015314192921382184, 4.9972552731668075e-05, -1.0268173272397597e-05, -4.157796170167561e-05], [0.000103083190803537, 2.7202962814555064e-05, -6.410376399810873e-05, 0.00011846010193971936, 9.489032753641365e-05, 0.00021650262053165328, 2.074064419856123e-05, -4.863184062563054e-05, 0.00025388258661042455, 0.00020070825912870237, 0.00026119916626559747, -3.3683128894602276e-05, 0.0001456124579267783, 0.0002076263417296638, 0.0002482212739262922, 3.611495596492292e-06, -2.3554044709626753e-05, -4.0741338349468745e-05, 7.992670875523815e-05, 0.00022551049307411168, 0.00014571448591777395], [8.624191232745793e-05, 0.0003324060076060329, 4.105277449652386e-05, 7.2487944541954e-05, 0.0004968616803983329, 0.0003868476192378223, 0.00034619695094386435, 7.587818196418678e-05, 0.00020070825912870237, 0.0005857280640371016, 0.00046509095925686446, -0.00024277038864353295, 0.0003349839475984872, 0.00039106975686087954, 0.00027599666627502894, -1.604340033548754e-07, -0.00011038611945461604, 6.983215128878049e-05, 0.0003737041932433444, 0.00028755338812181877, -5.581134874474657e-05], [6.256742024089391e-05, 0.00015230251073539426, -1.758228343644173e-05, 6.0506709892438256e-05, 0.00034861467210445387, 0.000707356133704927, 0.00018331097560321224, 4.507705558382355e-05, 0.00026119916626559747, 0.00046509095925686446, 0.0007786125026959389, -0.00011868145102715914, 0.00022368238420138862, 0.000244132288284578, 0.0005299789075964374, -4.1628879713720884e-05, -0.00021985407151326014, -9.66486489299134e-05, 0.00027039631712601333, 0.0006177954129712433, 0.00034412402164492236], [-2.4315328927782378e-05, -0.00025639620072305665, 0.0001336515655236248, -3.5526462466759195e-05, -0.00023589348864323122, -8.707216990060874e-05, -0.00017844169839755197, 0.00027886584814876037, -3.3683128894602276e-05, -0.00024277038864353295, -0.00011868145102715914, 0.0004890474829510919, -0.0002853769971251084, -0.0003894129439822632, -0.00021999490329830708, 2.5842709529131765e-05, -0.0002929046868768252, -0.0008364609995898893, -0.0001889159527396958, -5.670188065465035e-05, 0.0001249005267672677], [6.519221334543597e-05, 0.0003417113693392539, -5.740977623687022e-06, 7.871826425251871e-05, 0.0002799679991496968, 0.00017829541206410094, 0.00027948483877905347, -3.872578555251832e-05, 0.0001456124579267783, 0.0003349839475984872, 0.00022368238420138862, -0.0002853769971251084, 0.00039622401567267955, 0.00044676983764020006, 0.00022169800511159397, 3.381208009381602e-05, 7.357368886922232e-05, 0.0002426203661104856, 0.00021128031030769444, 0.00013660203405565374, -4.9836169733031194e-05], [8.759307469876695e-05, 0.00020395396377812801, -0.00021603239779968225, 4.351746642440187e-05, 0.00024531892223004066, 0.00013721329494912195, -5.550279402644445e-05, -0.0004933538654075207, 0.0002076263417296638, 0.00039106975686087954, 0.000244132288284578, -0.0003894129439822632, 0.00044676983764020006, 0.0011973064340035072, 0.001019026467468039, 5.958346266277188e-05, 0.0009334794141777226, 0.0017858318484001545, 0.00010553084730072875, 3.057046295202084e-05, -6.189158491501769e-05], [5.117751268715397e-05, -9.430578030244818e-05, -0.00032269412348408027, 2.846499637982188e-05, 0.00011691422123966567, 0.00043448429250855043, -0.0003448491650069864, -0.0006142304674493912, 0.0002482212739262922, 0.00027599666627502894, 0.0005299789075964374, -0.00021999490329830708, 0.00022169800511159397, 0.001019026467468039, 0.0013730959295385498, 3.9738324860669235e-06, 0.0009070072020921288, 0.001883764401871581, 3.3022365874550054e-05, 0.00034232975543216295, 0.0002924286589356206], [9.222306639019837e-06, 2.4882495591374667e-05, 3.1959139271341764e-05, 1.2798320000179653e-05, 2.2412322409979788e-06, -3.9194440285363186e-05, 6.653402588412762e-06, 2.0442728112732733e-05, 3.611495596492292e-06, -1.604340033548754e-07, -4.1628879713720884e-05, 2.5842709529131765e-05, 3.381208009381602e-05, 5.958346266277188e-05, 3.9738324860669235e-06, 4.099518332996585e-05, 6.531395357932862e-05, 4.518622830705329e-05, -3.177278581219144e-06, -3.8556331552141015e-05, -2.412068908426325e-05], [1.2326797135568006e-05, -0.00015964722127880622, -0.0003250955520143541, -4.0874045410695226e-05, -0.00016365368714421155, -0.00027247753461687396, -0.00044856489769931954, -0.0007622056459836412, -2.3554044709626753e-05, -0.00011038611945461604, -0.00021985407151326014, -0.0002929046868768252, 7.357368886922232e-05, 0.0009334794141777226, 0.0009070072020921288, 6.531395357932862e-05, 0.0014486203603252523, 0.0025738200043267257, -0.00022546909707236255, -0.0003218041773394587, -8.678465082547687e-05], [-2.2240608947142028e-06, -0.00014491760245775458, -0.0006747495533650263, -7.165674649323818e-05, -3.5468974609358918e-06, -0.00021348981207078963, -0.0006810360065887405, -0.0015314192921382184, -4.0741338349468745e-05, 6.983215128878049e-05, -9.66486489299134e-05, -0.0008364609995898893, 0.0002426203661104856, 0.0017858318484001545, 0.001883764401871581, 4.518622830705329e-05, 0.0025738200043267257, 0.005168187688712061, -0.00013116475153989015, -0.0003522275356583459, -0.00021969008289558688], [3.86883290774782e-05, 0.0002399651202581457, 3.090833650207149e-05, 7.173009749411477e-05, 0.00038553695182921393, 0.00026757140276342345, 0.00025495276587723974, 4.9972552731668075e-05, 7.992670875523815e-05, 0.0003737041932433444, 0.00027039631712601333, -0.0001889159527396958, 0.00021128031030769444, 0.00010553084730072875, 3.3022365874550054e-05, -3.177278581219144e-06, -0.00022546909707236255, -0.00013116475153989015, 0.0003652527413561538, 0.00025314870092243746, -7.8256322854616e-05], [4.698022503304309e-05, 4.3670875850433656e-05, -5.7269350426796715e-05, 0.00010186144880559586, 0.00023245427811151474, 0.0006195150574496726, 7.005974359852213e-05, -1.0268173272397597e-05, 0.00022551049307411168, 0.00028755338812181877, 0.0006177954129712433, -5.670188065465035e-05, 0.00013660203405565374, 3.057046295202084e-05, 0.00034232975543216295, -3.8556331552141015e-05, -0.0003218041773394587, -0.0003522275356583459, 0.00025314870092243746, 0.0006388457342032938, 0.00038211200597263253], [2.5796751147959342e-05, -0.0001601393671108012, -6.918357896500728e-05, 4.2372740300911807e-05, -0.00010656299675225272, 0.00034836920907895853, -0.00014898827644782637, -4.157796170167561e-05, 0.00014571448591777395, -5.581134874474657e-05, 0.00034412402164492236, 0.0001249005267672677, -4.9836169733031194e-05, -6.189158491501769e-05, 0.0002924286589356206, -2.412068908426325e-05, -8.678465082547687e-05, -0.00021969008289558688, -7.8256322854616e-05, 0.00038211200597263253, 0.00047004945832234356]], [[0.005137487829786357, 0.0005203072267742922, -0.0014191621739505903, 0.00016483396599291337, -3.844235393480829e-05, -2.2645430689921505e-06, 0.002918890044881718, 0.0019962902987810047, 0.004111155240490898, 0.0024727217763353022, 0.0015571764159317155, -0.00031747619911186515, 0.00035993565657704303, -0.0004070719533362813, -0.0012343997629774013, -0.0013320580491333334, -0.0011234224892003708, -0.0012100280218885389, -0.0002453867195242028, -9.524110879763981e-05, 0.0001921633129584959], [0.0005203072267742922, 0.003762476435382828, 0.004572231122378865, 0.0004659336966345319, 0.0013444295226857493, 0.0035132396549427177, 0.004500847552714645, 0.004742232480942647, 0.0012977830436090361, 0.0017270757134991855, 0.0035258536949805052, -4.908414978652268e-05, 0.003512591186184542, -0.00041893702912794667, -0.0011235784301175, 0.004612668620176229, -0.001232476074646488, -0.003596071752014705, 0.001399929105900328, 0.0035821160238992227, 0.002075573508041122], [-0.0014191621739505903, 0.004572231122378865, 0.048155704491952375, 0.000631281428842345, 0.0033060735548591682, 0.004910058880201827, 0.006117746802786135, 0.048435460130153644, 0.000475910984817474, 0.0029141052142946625, 0.004637930749250125, 0.002846052355205374, 0.0037043206739047923, -0.001452898579177762, -0.0022697147172064556, 0.04430679578211718, 0.006301272866441902, -0.026391577315836683, 0.0030983725966231344, 0.00453875367970817, 0.0013770302638356077], [0.00016483396599291337, 0.0004659336966345319, 0.000631281428842345, 0.0007516166808856028, 0.0002773230005307408, 0.00046803649966708713, 0.00045133647592723126, 0.0005679975437349385, 0.000293964770772779, 0.0001478447087882345, 0.0003628250342829309, 0.0001887300437484495, 0.0005172953509264011, -8.125515333670016e-05, -0.00023297770341714326, 0.0005834467099182449, -0.0002776697273728897, -0.0007868566164729311, 0.00021908938605603545, 0.0005456343373314217, 0.0003323910167565212], [-3.844235393480829e-05, 0.0013444295226857493, 0.0033060735548591682, 0.0002773230005307408, 0.0010472489923221047, 0.001711515499514884, 0.0012108901196542232, 0.002933038547614771, 0.0003349466480359557, 0.0010223400663352511, 0.0016140345824414482, -0.00035923536052440537, 0.001376921417364898, 0.0004542146568384375, 0.00043805994267631605, 0.0033652939555301902, 0.0004875159049499834, -0.0010117156574270365, 0.0009629532323809387, 0.0016684647618188703, 0.000684805495720584], [-2.2645430690227047e-06, 0.0035132396549427177, 0.004910058880201827, 0.00046803649966708713, 0.001711515499514884, 0.004364418286898723, 0.0038394694350075437, 0.0047069647518578435, 0.000928463245188648, 0.0018295224461255632, 0.004183900863724113, -0.0005106244736158875, 0.003405692594125237, -0.00027745781306060224, -0.00021961478976099082, 0.004904938996479015, -0.0015025894422165714, -0.0036661158692525794, 0.0017855695876223406, 0.004410131264304834, 0.0024896414618096265], [0.002918890044881718, 0.004500847552714645, 0.006117746802786135, 0.00045133647592723126, 0.0012108901196542232, 0.0038394694350075437, 0.007637177786553371, 0.008927339258500052, 0.0036855496201685916, 0.0031092484158442802, 0.004785919065969875, 0.0002967570877467645, 0.004004351130482831, -0.0017152804147494225, -0.0031515536443268606, 0.006013966725896299, -0.002585473424716104, -0.007121042973416525, 0.0012535085095017016, 0.003895322514234418, 0.0025357127322100967], [0.0019962902987810047, 0.004742232480942647, 0.048435460130153644, 0.0005679975437349385, 0.002933038547614771, 0.0047069647518578435, 0.008927339258500052, 0.05350903203897081, 0.0036427621822040296, 0.004572292613343301, 0.005757207057133846, 0.003058389794945192, 0.003702839077011953, -0.0027663951207982365, -0.004277398700501401, 0.04456673894120545, 0.004259499915793782, -0.030449607333366647, 0.0026466981295727044, 0.0042774491646826295, 0.0015992455995241586], [0.004111155240490898, 0.0012977830436090361, 0.000475910984817474, 0.000293964770772779, 0.0003349466480359557, 0.000928463245188648, 0.0036855496201685916, 0.0036427621822040296, 0.004300052928161438, 0.002799635884126533, 0.0023802941732025047, -0.00040705073926680186, 0.0012796863240972336, -0.0002752103859092032, -0.0011959164037184397, 0.0006636634089274683, -0.0009675651091828983, -0.002032641505432047, 0.00021085739571902404, 0.0008823550417752323, 0.0007039324984583812], [0.0024727217763353022, 0.0017270757134991855, 0.0029141052142946625, 0.0001478447087882345, 0.0010223400663352511, 0.0018295224461255632, 0.0031092484158442802, 0.004572292613343301, 0.002799635884126533, 0.002691074270337482, 0.0027626891778220314, -0.0007547069632780787, 0.001736051208572297, 0.00036989017429376654, -0.00013205076497208994, 0.0030987136035972606, 4.635960586060877e-07, -0.0017262638770270573, 0.0008722195669529127, 0.001720871143025951, 0.0008374644387749152], [0.0015571764159317155, 0.0035258536949805052, 0.004637930749250125, 0.0003628250342829309, 0.0016140345824414482, 0.004183900863724113, 0.004785919065969875, 0.005757207057133846, 0.0023802941732025047, 0.0027626891778220314, 0.004714768938746304, -0.000799108720464354, 0.0033967109344187007, -0.0002901433304931518, -0.0004820273480103912, 0.004690663773197554, -0.001675041551112204, -0.004005482641190485, 0.0016201554904428665, 0.004161447180140826, 0.0024256050687661893], [-0.00031747619911186515, -4.908414978652268e-05, 0.002846052355205374, 0.0001887300437484495, -0.00035923536052440537, -0.0005106244736158875, 0.0002967570877467645, 0.003058389794945192, -0.00040705073926680186, -0.0007547069632780787, -0.000799108720464354, 0.005533580178208163, -0.00038962919938747605, -0.001343677606551687, -0.0017395219578188437, 0.0019742004133575133, 0.0003539909484954571, -0.002712377959673565, -0.00028379573788357904, -0.0004027387157334275, -9.801465866283803e-05], [0.00035993565657704303, 0.003512591186184542, 0.0037043206739047923, 0.0005172953509264011, 0.001376921417364898, 0.003405692594125298, 0.004004351130482831, 0.003702839077011953, 0.0012796863240972336, 0.001736051208572297, 0.0033967109344187007, -0.00038962919938747605, 0.00358832698659773, 0.00017295222383740424, -0.0004962832805648993, 0.004126609867444532, -0.0008188448236536894, -0.0024925042552497462, 0.0014701071168728417, 0.0035417313092353233, 0.0019823351477049615], [-0.0004070719533362813, -0.00041893702912794667, -0.001452898579177762, -8.125515333670016e-05, 0.0004542146568384375, -0.00027745781306060224, -0.0017152804147494225, -0.0027663951207982365, -0.00027521038590917264, 0.00036989017429376654, -0.0002901433304931518, -0.001343677606551687, 0.00017295222383740424, 0.0027628120583290004, 0.002973515918937925, -0.0007021916743467435, 0.002538307677618032, 0.004650095452616965, 0.0002836715863377953, -0.00040066120432009146, -0.0006304189099404944], [-0.0012343997629774013, -0.0011235784301175, -0.0022697147172064556, -0.00023297770341714326, 0.00043805994267631605, -0.00021961478976099082, -0.0031515536443268606, -0.004277398700501401, -0.0011959164037184397, -0.00013205076497208994, -0.0004820273480103912, -0.0017395219578188437, -0.0004962832805648993, 0.002973515918937925, 0.004060154966460468, -0.0016261477572363842, 0.002513587103434728, 0.005712925332295253, 0.0002892311939260337, -0.00040384195397686126, -0.000673469640828756], [-0.0013320580491333334, 0.004612668620176229, 0.04430679578211718, 0.0005834467099182449, 0.0033652939555301902, 0.004904938996479015, 0.006013966725896299, 0.04456673894120545, 0.0006636634089274683, 0.0030987136035972606, 0.004690663773197554, 0.0019742004133575133, 0.004126609867444532, -0.0007021916743467435, -0.0016261477572363842, 0.04179064415979067, 0.006973295925446554, -0.02268389222442399, 0.0031822906299143446, 0.004602666034218223, 0.0013603978408777615], [-0.0011234224892003708, -0.001232476074646488, 0.006301272866441902, -0.0002776697273728897, 0.0004875159049499834, -0.0015025894422165714, -0.002585473424716104, 0.004259499915793782, -0.0009675651091828983, 4.635960586060877e-07, -0.001675041551112204, 0.0003539909484954571, -0.0008188448236536894, 0.002538307677618032, 0.002513587103434728, 0.006973295925446554, 0.008119969307575376, 0.0060915346993254404, 0.00023165995291543083, -0.0017471638834266406, -0.0018678996231168386], [-0.0012100280218885389, -0.003596071752014705, -0.026391577315836683, -0.0007868566164729311, -0.0010117156574270365, -0.0036661158692525794, -0.007121042973416525, -0.030449607333366647, -0.002032641505432047, -0.0017262638770270573, -0.004005482641190485, -0.002712377959673565, -0.0024925042552497462, 0.004650095452616965, 0.005712925332295253, -0