{"startprob": [[0.0, 1.0, 0.0], [5.215214739921342e-174, 0.0, 1.0], [1.1744326901938192e-76, 1.0, 0.0], [0.8333263857608512, 0.16667361423914884, 4.4555472741501164e-61], [1.0, 0.0, 4.912052107748997e-82], [0.0, 1.0, 5.00735219905367e-221], [2.177645009049044e-116, 0.0, 1.0], [0.15386386555676046, 0.46153846153845474, 0.3845976729047847]], "transmat": [[[0.7798202989015802, 0.06235987270969594, 0.15781982838872377], [0.06999181604413765, 0.9250089265301022, 0.0049992574257601155], [0.09052365702625555, 0.0054186167989844726, 0.90405772617476]], [[0.8090633766715013, 0.09974620089786682, 0.09119042243063195], [0.039523452268227795, 0.9604765477317723, 2.747990333346819e-290], [0.10099247020239675, 3.4291813627730034e-238, 0.8990075297976032]], [[0.7867591770246871, 0.08525171519463715, 0.12798910778067585], [0.10258683801656172, 0.8974131619834383, 2.628931162062781e-237], [0.055861515342661885, 0.0, 0.9441384846573382]], [[0.9375884699953062, 0.04658321359338522, 0.015828316411308642], [0.05084489053862944, 0.911210425439398, 0.037944684021972624], [0.018799344815862012, 0.026250670730949197, 0.9549499844531889]], [[0.8790997664468506, 2.8822069767569986e-39, 0.1209002335531494], [4.265240501121315e-98, 0.8433867185352686, 0.15661328146473144], [0.08222234552956957, 0.13090208974057313, 0.7868755647298574]], [[0.9610988315496718, 0.0, 0.038901168450328164], [0.0, 0.8914709990854233, 0.10852900091457669], [0.09084076425894516, 0.09084075948696115, 0.8183184762540937]], [[0.8368550400201473, 0.08419597816233013, 0.07894898181752266], [0.037765201970790634, 0.9622347980292094, 0.0], [0.11880093709600206, 0.0, 0.881199062903998]], [[0.9626105554417227, 1.3411973240211096e-248, 0.03738944455827736], [4.776993107953986e-224, 1.0, 2.4084779205890713e-262], [0.017403816272112127, 3.823880634949733e-292, 0.9825961837278878]]], "means": [[[0.15960107387052208, 0.3717090495762334, 0.49492390814762904, 0.15720407446134482, 0.41002974795805874, 0.6557587294233101, 0.26971569675628104, 0.3620339357230413, 0.30013197659238255, 0.4991967051756489, 0.7288122830751869, 0.2925992384531792, 0.5127239886205567, 0.6016700601571262, 0.74048918458399, 0.6430184968368752, 0.8189418521070505, 1.0, 0.33975091921365014, 0.6099421142319049, 0.2988949002656163], [0.20321230242191407, 0.5140067235696478, 0.8552014913471889, 0.19402315303250467, 0.5343316123742267, 0.8803331900219429, 0.4403032155992453, 0.7838218312526603, 0.36580794655804616, 0.6334448061640668, 0.9572859305229007, 0.3747857395428557, 0.63735064916643, 0.5701075694048805, 0.7205959503434529, 0.9627110069691248, 0.7773813217576601, 0.7365205259124964, 0.4638959813391674, 0.8415185674669242, 0.40151465120365487], [0.15864153348936846, 0.366978065868851, 0.36481531401189493, 0.15628597139317243, 0.43292447816338114, 0.7105532122785218, 0.24481644386053053, 0.25051740876007283, 0.30138727594343045, 0.5203954505915453, 0.7754903227260473, 0.3308144246363338, 0.5060667580589567, 0.5995176827339339, 0.7771542307918559, 0.4986860302023809, 0.7532542874304863, 1.0, 0.3725740218284386, 0.6736189423176059, 0.3191135328696301]], [[0.17563418064248598, 0.49110975244132793, 0.8425051320418983, 0.17539858008386364, 0.433060982819787, 0.715511428327254, 0.43406264078470563, 0.8094599847258908, 0.32288095691009017, 0.5596368395363807, 0.840050004188592, 0.3837342534960402, 0.599420423322471, 0.6440591462488111, 0.8362388801017538, 0.9216670761431144, 0.8615164661974972, 0.9515139444996896, 0.3169733107045583, 0.600679340221845, 0.31873983282057267], [0.1351062624123061, 0.38237631223965984, 0.6439844677848817, 0.13325779427236276, 0.33359686825359486, 0.5235863189804146, 0.32807863894208256, 0.60825406543639, 0.255529417998487, 0.4469726209108375, 0.641728878049797, 0.28627263744119436, 0.4735702392490771, 0.6266917791975947, 0.8156293250945099, 0.7127466278910738, 0.8292632462070774, 1.0, 0.2084976062324847, 0.397322438771224, 0.2105040356174497], [0.19262411431129678, 0.5345393415471296, 0.9298358529218513, 0.18136095267816318, 0.5094627837003534, 0.8909851928716657, 0.48093196783628694, 0.9015645877183894, 0.3498614898513325, 0.6118798310124077, 0.9701305181990096, 0.43021859581784344, 0.6331109542222864, 0.5201209968889627, 0.6864861161086855, 0.9958674153608785, 0.709683183826029, 0.6016603383782939, 0.4449225317136945, 0.8448904026562718, 0.41361436866286755]], [[0.20557209093771572, 0.44422118258123344, 0.7151616887230107, 0.18022448720173043, 0.4858727034150103, 0.8101929977156518, 0.3125191186775536, 0.5965232394107568, 0.3485315880062501, 0.5879171250630556, 0.8947403314050846, 0.3052226687590146, 0.5832533042319774, 0.6494303632830295, 0.8505676901932014, 0.8532190425886403, 0.8560488679675887, 0.9565268429662452, 0.4113344939419593, 0.764479927655195, 0.3769562422953905], [0.217843227373581, 0.5182897079469089, 0.8970048287749168, 0.1941264060558764, 0.5324453935528827, 0.9209539003462357, 0.4548569748533625, 0.8430846389798299, 0.367438984633635, 0.6370727131195172, 0.9936769103225815, 0.40686515994282646, 0.6315648435128708, 0.5488840804893336, 0.7225473645521161, 0.9815155630599245, 0.7253909246917551, 0.6406887932301878, 0.46552488547514437, 0.884819101822477, 0.42949879164255295], [0.1485463487610607, 0.32294949320599886, 0.537210876925154, 0.13844518687147897, 0.3777496970181018, 0.6188886153879553, 0.19543666687877703, 0.40113081060940514, 0.2722878764039875, 0.4621621894742739, 0.6874639069934949, 0.22804254421981435, 0.4548276479361011, 0.6199769852565911, 0.8102375499617519, 0.6650497271457719, 0.8224966307195141, 1.0, 0.3091935102551472, 0.5691369538642607, 0.27912381661176267]], [[0.18006233870552948, 0.5006235645207451, 0.8223706828387749, 0.17703254766140916, 0.5241432510134498, 0.9342120846880946, 0.4316044245004555, 0.7690537251536842, 0.3407435777150152, 0.6217964383742796, 0.9980057484311424, 0.37000814781448765, 0.614023136713769, 0.533516839842002, 0.728058196199496, 0.9193357340415055, 0.6964694223104455, 0.6696339682617743, 0.47211252428373246, 0.9106563710904425, 0.44833652055967593], [0.234422190323974, 0.4652850244702136, 0.6579393886960071, 0.2011793388613304, 0.5523814092178615, 0.9307315769086023, 0.3966484875150019, 0.5956490552098108, 0.38047035299011395, 0.646775891294003, 0.9999999999999997, 0.2628488787662556, 0.5911358326505581, 0.5554565855958098, 0.7611940701844463, 0.7699079790001214, 0.6329690849889179, 0.7143802086622888, 0.47855941286719644, 0.8893465494308249, 0.42758039034343104], [0.23867055374912485, 0.4809030619181291, 0.7574559813516661, 0.23585623078897575, 0.5565466769988207, 0.8974424900904342, 0.3967032828187863, 0.6857391434248015, 0.42685819764144123, 0.6798359686546898, 0.9973594046942285, 0.306453733384493, 0.66005096512214, 0.6854333894509773, 0.8443224325349723, 0.9132482600232573, 0.8325196967998723, 0.8493431153555381, 0.44814288921485923, 0.834482278863421, 0.416629305002698]], [[0.20344381888138904, 0.5137195661651571, 0.8388071634780442, 0.1952770167010647, 0.5382868759356735, 0.9217035866771848, 0.4525279948073393, 0.7969010688606368, 0.36357057278786337, 0.6313527575987256, 0.9859005887764797, 0.3666746300465826, 0.6239813969846068, 0.5108332424082984, 0.6771466036326107, 0.9286887825236095, 0.6744475667227317, 0.5985176998075342, 0.47552492769936955, 0.8900173793955692, 0.43376375178370347], [0.18816960353453363, 0.49835556997534997, 0.3204977935315707, 0.1944436582703793, 0.5283876784022671, 0.892494751449754, 0.4478864456749317, 0.20714546081785232, 0.35371275455018203, 0.620977356896436, 0.9572021873894478, 0.3818802740766687, 0.612901405715819, 0.5236685289381396, 0.6723776351650651, 0.5002717344636369, 0.694389890264863, 0.9745041162920242, 0.45719921976823824, 0.8531121314219676, 0.41424071003070184], [0.22430763614523005, 0.5174174320256527, 0.5792678266746452, 0.21509571715905348, 0.5652012603546657, 0.9278525154206653, 0.4774488359438407, 0.5103425839887651, 0.3917780747998042, 0.6595980179962768, 0.99935523062606, 0.23841443324545816, 0.654740389720316, 0.5879533351251287, 0.7213793540354206, 0.7400310923954506, 0.7355289854734222, 0.8622379055108805, 0.47985008752227526, 0.8835628177568298, 0.4308559783468562]], [[0.12581953309623745, 0.25242349221269633, 0.43460428545159624, 0.14355419408249426, 0.38499772048842607, 0.6409748028573458, 0.16197486341381687, 0.3723599783249433, 0.258398664668478, 0.4645778519821159, 0.6987202480997582, 0.24835345945105244, 0.3850394838564943, 0.5763331397273274, 0.785234568088455, 0.5474773019226915, 0.7846322198748352, 1.0, 0.32437604515944884, 0.6066440523518781, 0.29609532154147816], [0.2055682986037662, 0.5169123426017833, 0.8199383069628605, 0.19945592765800046, 0.5400012083430529, 0.9234760203233209, 0.4507892054599945, 0.7823978376560431, 0.3705906301124653, 0.6387228256513218, 0.9941662877438199, 0.35368754238447514, 0.6296954564877251, 0.5288271948094316, 0.7022191941406105, 0.8991339482124864, 0.6280757159992097, 0.5614042535481037, 0.4686401387756519, 0.8845320430675021, 0.43093527314659774], [0.19332725498981465, 0.47395021902546686, 0.39357918268017633, 0.19658188465461673, 0.520207279107991, 0.8774831490396776, 0.39440681766379554, 0.3036095147203054, 0.3606355324237933, 0.6267672220632189, 0.954408121681353, 0.2653039927771409, 0.6042855944063652, 0.5883554191308239, 0.7677809610521562, 0.5496977584269046, 0.6634071942629046, 0.8977746205988487, 0.44278971680619233, 0.8329033386239755, 0.40573827795572504]], [[0.1908699801810969, 0.3992869857239899, 0.646688931495265, 0.17139243772760257, 0.45011037339855253, 0.7362380029725779, 0.2828811725326788, 0.524521131611076, 0.3296382415944949, 0.5477720501981489, 0.8171197893603811, 0.28886998413216647, 0.5388870879925067, 0.6279330088507192, 0.8116065646466879, 0.7809379280426911, 0.8400076317321379, 0.9669114736000797, 0.3746053877569155, 0.6914995451794475, 0.34022695243101575], [0.12591440493234796, 0.312633446061748, 0.505010761833358, 0.12923808950069146, 0.3321363431285532, 0.5265510938977458, 0.2264077488657109, 0.44352536355037175, 0.21669034791092456, 0.39127501413234844, 0.5830183267906439, 0.25492922407018026, 0.3985370248054019, 0.6055798329818187, 0.8006108897840252, 0.5579949511953517, 0.7880309824375178, 1.0, 0.260070109252158, 0.4797282227345865, 0.23530015201674856], [0.21004596294498995, 0.5226557185142515, 0.8987545909768314, 0.19379802591842382, 0.5331201416557221, 0.9068751039195909, 0.4562696358085501, 0.8506670319428765, 0.3745579577388867, 0.6359749969983512, 0.9843857247760261, 0.40695813394730207, 0.6385117642331734, 0.5311171999535349, 0.6932605313578495, 0.986967086473168, 0.7157145703503467, 0.6132349682357376, 0.47036648692850636, 0.8727873352967077, 0.42753056866726347]], [[0.16834947891575072, 0.5428201435640856, 0.9409005381707797, 0.170140501467919, 0.5069435093771489, 0.9241292774176845, 0.494845616468426, 0.9144632124345655, 0.32706237272767386, 0.6001224420540555, 0.9796438347407936, 0.4310088702043159, 0.6298600116324236, 0.47154818132201787, 0.6259153682497238, 0.9999495541218004, 0.6623230928919307, 0.47341583953915306, 0.46181428039724637, 0.9057789526274633, 0.4495375571632838], [0.2777240658979175, 0.53163361077271, 0.8966940718669808, 0.22334053166578266, 0.5509855808299113, 0.8928123848752013, 0.4711220871503552, 0.8605370945764147, 0.43661798969430604, 0.6717079595649359, 0.9956368765619067, 0.4121911861406798, 0.6656703030235942, 0.5930983308175152, 0.7306885768623115, 0.9799303418200244, 0.716529839374377, 0.6131007304313291, 0.45665976497918703, 0.8374404221440912, 0.41216251107953855], [0.16923018208738924, 0.5432645506168522, 0.9501975433258245, 0.1715767047521108, 0.5252994340217987, 0.9162356422015172, 0.4998091350669832, 0.9275293644845494, 0.31458772906195903, 0.6022087799866805, 0.9631215985408305, 0.4342453176373044, 0.6185291702523066, 0.4223764620277917, 0.5777759078247422, 0.9997745777817303, 0.6219546537628734, 0.4242919939875919, 0.48407323439331, 0.8978604529345313, 0.4224358994645523]]], "covars": [[[[0.0005000130760202395, 0.0004938144455567268, 0.00026061311945929183, 0.00020508587597027316, 0.0002980172550852852, 0.00017601234236237298, 0.0007655145632721803, 0.00015870324670335276, 0.000473474619255668, 0.0004381971305826647, 0.00048229883474452256, -0.00026054255477401124, 0.0006428391570664887, 0.0007795080209269412, 0.0005550645025036834, 0.00038900779247179215, 0.00020744312781760164, 4.769504410339757e-05, 0.00010541475041871477, 2.494359969146188e-05, 0.00019637260279683824], [0.0004938144455567268, 0.0010594695695286445, 0.0007925401879186477, 0.00029269079401088733, 0.0006227659698182512, 0.0007847964964545356, 0.0011621212877965302, 0.0005003893373649956, 0.0007172613348294502, 0.0009020397884102469, 0.001128522562594514, -0.0007664453991152367, 0.0012569410048336555, 0.0012015271265278387, 0.0009650994291659606, 0.0010726029246913536, 0.00041879915941492513, 4.7695044103465356e-05, 0.000382152812890373, 0.0005757781954316012, 0.00045182283299779466], [0.00026061311945929183, 0.0007925401879186477, 0.003314868620496372, 0.00019312717168001108, -1.3015651979171889e-05, -0.00036430773101951073, 0.000865987358305753, 0.0030552884308801295, 0.0004319374646048961, 0.00017470848691349472, -7.37588757120671e-05, -0.00018155662855766813, 0.0008633681122892292, 0.00037875864379185813, -0.00027781470363407427, 0.0035038601234040484, 0.001459150279402244, 4.769504410339757e-05, -0.0002986721675020156, -0.0006047803875277151, 4.724217407584877e-05], [0.00020508587597027316, 0.00029269079401088733, 0.00019312717168001108, 0.0003719738684849458, 0.000292651041570736, 0.0002015364490894852, 0.0001793357745990191, 8.474041357616057e-05, 0.00040631267512657523, 0.0003295284896929779, 0.0002665039672806948, -0.0003385167834540927, 0.0005317989125062052, 0.0005435364646620881, 0.0004023331403444197, 0.00044522331309144547, 0.00022737883055331103, 4.769504410339757e-05, 5.526382585911159e-05, 6.410355034546119e-05, 0.00014203619485196636], [0.0002980172550852852, 0.0006227659698182512, -1.3015651979171889e-05, 0.000292651041570736, 0.0010367434307199264, 0.001540077334261468, 0.0005797291971264916, -5.623238880009229e-05, 0.000435182742505751, 0.0009112461089810612, 0.0014341990929275395, -0.00082569989906034, 0.0007531789157897549, 0.0006776804198764057, 0.0008707338817363454, 0.00020539572366720391, 7.20872473426806e-05, 4.7695044103465356e-05, 0.001006575330009748, 0.001582294655885246, 0.0006631224749626825], [0.00017601234236237298, 0.0007847964964545356, -0.00036430773101951073, 0.0002015364490894852, 0.001540077334261468, 0.0030071904157365696, 0.000652455840953958, -0.00027564403884944446, 0.00028548523851587674, 0.001302155707869643, 0.002560730978002643, -0.0012120738901266336, 0.000725421579441087, 0.00022241384558021975, 0.001097626068460347, -0.00020760485046535335, -0.00029592514955510067, 4.769504410326202e-05, 0.0018756875604392606, 0.003343629390683918, 0.0010824275467241813], [0.0007655145632721803, 0.0011621212877965302, 0.000865987358305753, 0.0001793357745990191, 0.0005797291971264916, 0.000652455840953958, 0.0019629362092277443, 0.0007670746927422008, 0.0006605000688098319, 0.0008640504771204379, 0.0012007925516641569, -0.000424025864823078, 0.0012448917297817577, 0.0012614951300169805, 0.0008682170299179675, 0.0010073863053406415, 0.00045406717292600473, 4.769504410339757e-05, 0.00037862506148719744, 0.00045710144278503565, 0.00038111067924599375], [0.00015870324670336122, 0.0005003893373649956, 0.0030552884308801295, 8.474041357616057e-05, -5.623238880009229e-05, -0.00027564403884944446, 0.0007670746927422008, 0.0031572252903230786, 0.0001337257146445879, -5.2166290532021606e-05, -0.00018446167112372085, 9.321110863426421e-06, 0.00042433814780290415, -0.00013908405128563715, -0.0006320329424944351, 0.00313102498339258, 0.0013788989295637514, 4.7695044103465356e-05, -0.0001575900825250132, -0.0003580142992399997, -5.0786430718989146e-05], [0.000473474619255668, 0.0007172613348294502, 0.0004319374646048961, 0.00040631267512657523, 0.000435182742505751, 0.00028548523851587674, 0.0006605000688098319, 0.0001337257146445879, 0.000829345774539514, 0.00069344855168797, 0.0006156815510330846, -0.000683693677627081, 0.0010743452709633485, 0.0012241955071842403, 0.0008892664478284491, 0.0008190131484904372, 0.0003764664485015235, 4.76950441033298e-05, 4.642065784183853e-05, -4.533540359626716e-05, 0.00027219130007950917], [0.0004381971305826647, 0.0009020397884102469, 0.00017470848691349472, 0.0003295284896929779, 0.0009112461089810612, 0.001302155707869643, 0.0008640504771204379, -5.2166290532021606e-05, 0.0006934485516879869, 0.0010845939443844914, 0.0014790324544767535, -0.0009826642761950578, 0.0011205249078889176, 0.0011361617073683975, 0.001170670581053089, 0.0004716058963101112, 0.00016011708160009272, 4.769504410339757e-05, 0.000745754712299666, 0.0011788840519521048, 0.0006140332075525168], [0.0004822988347445565, 0.001128522562594514, -7.37588757120671e-05, 0.0002665039672806948, 0.0014341990929276412, 0.002560730978002643, 0.0012007925516641569, -0.00018446167112375476, 0.0006156815510330846, 0.0014790324544767535, 0.0025504959459560356, -0.001279540117618442, 0.0011879157337579948, 0.0009183171220859879, 0.0014397167789324769, 0.00014432678512505656, -0.00012800352266870044, 4.769504410339757e-05, 0.00155547593212084, 0.0026827667897337403, 0.0010526797089522111], [-0.00026054255477401124, -0.0007664453991152367, -0.00018155662855766813, -0.0003385167834540927, -0.00082569989906034, -0.0012120738901266336, -0.00042402586482306106, 9.321110863426421e-06, -0.000683693677627081, -0.0009826642761950409, -0.001279540117618442, 0.0022809084317152993, -0.0011895572766810684, -0.0014528632886448769, -0.0015991658966324751, -0.0006958848643119173, -0.00032176011816742906, 4.769504410339757e-05, -0.0005391367899420535, -0.0010088110731706023, -0.0004199074827370112], [0.0006428391570664887, 0.0012569410048336555, 0.0008633681122892292, 0.0005317989125062052, 0.0007531789157897549, 0.0007254215794410192, 0.0012448917297817577, 0.0004243381478029719, 0.0010743452709633485, 0.0011205249078889855, 0.0011879157337579948, -0.0011895572766810684, 0.0017299657620349523, 0.0018381287757962056, 0.001414238156284856, 0.0013769686841869893, 0.0005844741617067399, 4.769504410339757e-05, 0.00024340987674187977, 0.0003350432659590062, 0.000482681246393442], [0.0007795080209269412, 0.0012015271265278387, 0.00037875864379185813, 0.0005435364646620881, 0.0006776804198764057, 0.00022241384558021975, 0.0012614951300169805, -0.00013908405128563715, 0.0012241955071842403, 0.0011361617073683975, 0.0009183171220859879, -0.0014528632886448769, 0.0018381287757962056, 0.002623523951016229, 0.001963903457796074, 0.0009187226403171784, 0.0005399450206066734, 4.769504410339757e-05, -2.0473361669266982e-05, -0.00034541707058340917, 0.0003784222995633598], [0.0005550645025036834, 0.0009650994291659606, -0.00027781470363407427, 0.0004023331403444197, 0.0008707338817363793, 0.001097626068460347, 0.0008682170299179675, -0.0006320329424944351, 0.0008892664478284153, 0.001170670581053157, 0.001439716778932409, -0.0015991658966324751, 0.001414238156284856, 0.001963903457796074, 0.0019898515508184147, 0.0001101548480212807, 5.386521276189175e-05, 4.769504410339757e-05, 0.0005382655462695766, 0.0008313713655131627, 0.0005521251856643652], [0.00038900779247179215, 0.0010726029246913536, 0.003503860123404116, 0.00044522331309144547, 0.00020539572366720391, -0.00020760485046535335, 0.0010073863053406415, 0.00313102498339258, 0.0008190131484904372, 0.0004716058963101112, 0.00014432678512498877, -0.0006958848643119173, 0.0013769686841869893, 0.0009187226403171784, 0.0001101548480212807, 0.003987856259681126, 0.0016919348500934722, 4.769504410339757e-05, -0.0003259745824240171, -0.0006336989099705028, 0.00012732159330769405], [0.00020744312781760164, 0.00041879915941492513, 0.001459150279402244, 0.00022737883055331103, 7.208724734261282e-05, -0.00029592514955510067, 0.00045406717292600473, 0.0013788989295637853, 0.0003764664485015235, 0.00016011708160009272, -0.00012800352266870044, -0.0003217601181673952, 0.0005844741617067399, 0.0005399450206066734, 5.386521276189175e-05, 0.0016919348500934722, 0.0008671332323456397, 4.769504410339757e-05, -0.0002160698301710833, -0.0005161916117297496, -2.979881459200281e-05], [4.769504410339757e-05, 4.7695044103465356e-05, 4.769504410339757e-05, 4.769504410339757e-05, 4.7695044103465356e-05, 4.769504410326202e-05, 4.769504410339757e-05, 4.7695044103465356e-05, 4.76950441033298e-05, 4.769504410339757e-05, 4.769504410339757e-05, 4.769504410339757e-05, 4.769504410339757e-05, 4.769504410339757e-05, 4.769504410339757e-05, 4.769504410339757e-05, 4.769504410339757e-05, 4.769504410339757e-05, 4.769504410339757e-05, 4.7695044103465356e-05, 4.7695044103363685e-05], [0.00010541475041871477, 0.00038215281289038995, -0.0002986721675020156, 5.526382585911159e-05, 0.001006575330009765, 0.0018756875604392606, 0.00037862506148721436, -0.0001575900825250132, 4.642065784183853e-05, 0.000745754712299666, 0.001555475932120874, -0.0005391367899420535, 0.00024340987674187977, -2.0473361669266982e-05, 0.0005382655462695766, -0.0003259745824240171, -0.0002160698301710833, 4.769504410339757e-05, 0.0013753024801464655, 0.002207934634747137, 0.0007188119643818896], [2.494359969146188e-05, 0.0005757781954316012, -0.0006047803875277151, 6.410355034546119e-05, 0.001582294655885246, 0.003343629390683918, 0.0004571014427850696, -0.0003580142992399997, -4.533540359626716e-05, 0.0011788840519521048, 0.0026827667897337403, -0.0010088110731706023, 0.0003350432659590062, -0.00034541707058340917, 0.0008313713655131627, -0.0006336989099704351, -0.0005161916117297496, 4.7695044103465356e-05, 0.002207934634747137, 0.003949997228133045, 0.0011613926755327667], [0.00019637260279683824, 0.00045182283299779466, 4.724217407584877e-05, 0.00014203619485196636, 0.0006631224749626825, 0.0010824275467241813, 0.00038111067924599375, -5.0786430718989146e-05, 0.00027219130007950917, 0.0006140332075525168, 0.0010526797089522111, -0.0004199074827370112, 0.000482681246393442, 0.0003784222995633598, 0.0005521251856643652, 0.00012732159330769405, -2.979881459200281e-05, 4.7695044103363685e-05, 0.0007188119643818896, 0.0011613926755327667, 0.0006372051482489993]], [[0.0018615909981598649, -9.428248286897126e-05, -0.00019620698902647542, 0.0009657192131707783, 0.0005837347330190057, -0.0002591891055432147, 7.67591162089805e-05, -4.56273693740165e-07, 0.0019316849499297184, 0.0012014892871448964, 0.0007616395424781127, 3.39977818712494e-05, 0.0006960350883195512, 0.0020835635127326767, 0.0017090704643763274, 0.00022862722845243583, 0.0010220955040225858, 0.0013795165150810797, -0.00032887073303263783, -0.0008833812136791227, 2.4154340054621102e-05], [-9.428248286897126e-05, 0.0009961677833999775, 0.0024478641727387414, -3.0191616684368386e-05, 0.00033787419602466324, 0.000812474904820485, 0.0012687288376960044, 0.0031223370027525527, -1.825441162618083e-05, 0.0002798095579019447, 0.0006728126476779802, 0.0009564562290995833, 0.0005502772132166789, -0.0010446987944853813, -0.0012634369202477185, 0.0017416145106944744, -0.0013992931825175135, -0.003629389604159673, 0.00048328045245749724, 0.00089751722172471, 0.0004101601503647605], [-0.00019620698902647542, 0.0024478641727387414, 0.009037322640674736, -0.00021946013988719012, 0.0008539308840725011, 0.002278945879585609, 0.004014645561427008, 0.01179949934978223, -0.00016602303850735183, 0.0006516445208704059, 0.00186948184527587, 0.004407156965756594, 0.000920755091981583, -0.004437538547316937, -0.005250686236494717, 0.006140735675049453, -0.005817344295056183, -0.01452869008463485, 0.0013100351264957444, 0.002558601729212172, 0.0011281061548748322], [0.0009657192131707783, -3.0191616684368386e-05, -0.00021946013988719012, 0.0009642207187913963, 0.00048159847216852023, -0.00013274583244568663, -0.0001262493359679734, -0.00014206699738710668, 0.0011787236143441543, 0.000711510423008805, 0.0003755791482776942, 6.218948735044273e-05, 0.0005552779540655593, 0.00146310236596122, 0.001181251842484798, 0.00018418428138092634, 0.0008346586119652617, 0.001062116382026127, -0.00022723983315805533, -0.0005367087171439275, 7.430284164980028e-05], [0.0005837347330190057, 0.00033787419602466324, 0.0008539308840725011, 0.00048159847216852023, 0.0009314975630173622, 0.0010795695350465395, 0.0004371441772002071, 0.001114214335498742, 0.0007976217550560271, 0.0009488896481623755, 0.0012102145036952806, 0.0003310250101856844, 0.0005672214569057691, 0.0006469376872099474, 0.000647490143238118, 0.0007851973968052185, -0.00020852053024944723, -0.0006597629036890683, 0.0005923361272122496, 0.0008715808968999297, 0.0004811882987552047], [-0.0002591891055432147, 0.000812474904820485, 0.002278945879585609, -0.00013274583244568663, 0.0010795695350465395, 0.0025991523626302, 0.0011763312141801177, 0.002871682029865302, -0.00013546210700221157, 0.0007824554113754893, 0.0019885749665776815, 0.0008608290427425117, 0.00035508448258603464, -0.0012350155519216047, -0.0006522982291453211, 0.0014882746524645277, -0.0020494739464342786, -0.0035364506167640183, 0.0014277220853883145, 0.002803388712803422, 0.0008172266161641525], [7.67591162089805e-05, 0.0012687288376960044, 0.004014645561427008, -0.0001262493359679734, 0.0004371441772002071, 0.0011763312141801177, 0.002365114773992048, 0.005489035261697055, -5.5674510646849034e-05, 0.00034699046101060576, 0.0010153855372559773, 0.0018170152081161655, 0.0004117854999334822, -0.002377584777605017, -0.0028418712213071156, 0.002480309950726616, -0.0033673300997921992, -0.00749541658516015, 0.0006588678033230776, 0.0012985112608765745, 0.0005054933373069153], [-4.56273693740165e-07, 0.0031223370027525527, 0.01179949934978223, -0.0001420669973870733, 0.001114214335498742, 0.002871682029865302, 0.005489035261697055, 0.01593420451732156, -3.54165457039379e-05, 0.0008832709897291097, 0.002454073706710777, 0.006073642706817357, 0.0010357843002420403, -0.006267177312790743, -0.007472953741976373, 0.007765478988333678, -0.008504420136935906, -0.020566039690488338, 0.0015866508164738922, 0.0031585753303238827, 0.0014077600614535168], [0.001931684949929735, -1.825441162618083e-05, -0.00016602303850735183, 0.0011787236143441543, 0.0007976217550560271, -0.00013546210700221157, -5.5674510646849034e-05, -3.54165457039379e-05, 0.00272449661882884, 0.001796643326762376, 0.0011717601480362543, -7.830992246276821e-05, 0.0012579349580005511, 0.003267078585127025, 0.00274940778789147, 0.0005916986684554948, 0.0018059361456332656, 0.0022912863981007048, -0.0003792190998698571, -0.001039478949473296, 0.00017483904060865046], [0.0012014892871448964, 0.0002798095579019447, 0.0006516445208704059, 0.000711510423008805, 0.0009488896481623755, 0.0007824554113754893, 0.00034699046101060576, 0.0008832709897291097, 0.001796643326762376, 0.001596033353344031, 0.0015375961221622526, 0.00013742730508998314, 0.0010068474632703589, 0.0019671811204924833, 0.0018084052027745698, 0.0009196842078044914, 0.0006970402612140607, 0.0006530689464338389, 0.00026599781952816817, 0.00022699195952764027, 0.0003913384470460554], [0.0007616395424781127, 0.0006728126476779802, 0.0018694818452757367, 0.0003755791482776942, 0.0012102145036952806, 0.0019885749665776815, 0.0010153855372559773, 0.002454073706710777, 0.0011717601480362543, 0.0015375961221622526, 0.002252778685287073, 0.000640465584323115, 0.0008750266449038301, 0.000553247020435103, 0.0007862101851797948, 0.00153945578277566, -0.0008043606893064645, -0.0017890061598673308, 0.0009426419976701775, 0.001726096149652044, 0.0007518159086796152], [3.39977818712494e-05, 0.0009564562290995833, 0.004407156965756594, 6.218948735044273e-05, 0.0003310250101856844, 0.0008608290427425117, 0.0018170152081161655, 0.006073642706817357, -7.830992246276821e-05, 0.00013742730508998314, 0.000640465584323115, 0.0032011170485833503, 4.406283800384499e-05, -0.002851189136989187, -0.003267219950269521, 0.0027164288757169325, -0.0035475383492600413, -0.008323354043169345, 0.000539470503056025, 0.0010390614226340959, 0.00045990593421673867], [0.0006960350883195512, 0.0005502772132166789, 0.000920755091981583, 0.0005552779540655593, 0.0005672214569057691, 0.00035508448258603464, 0.0004117854999334822, 0.0010357843002420403, 0.0012579349580005511, 0.0010068474632703589, 0.0008750266449038301, 4.406283800384499e-05, 0.001162039825882676, 0.0017020359804158236, 0.0013606721591254783, 0.001296836645265272, 0.0010872463553751159, 0.0007390950281534569, 5.786947025186306e-05, -4.377970044953135e-05, 0.00033674817655983576], [0.0020835635127326767, -0.0010446987944853813, -0.004437538547316937, 0.00146310236596122, 0.0006469376872099474, -0.0012350155519216047, -0.002377584777605017, -0.006267177312790743, 0.003267078585127025, 0.0019671811204924833, 0.000553247020435103, -0.002851189136989187, 0.0017020359804158236, 0.007851134419779844, 0.007620648363163086, -0.001380003619767032, 0.0074188285423116085, 0.013223518490682132, -0.0010841646405119977, -0.0025432173342425186, -0.00018130839868595524], [0.0017090704643763274, -0.0012634369202477185, -0.005250686236494717, 0.001181251842484798, 0.000647490143238118, -0.0006522982291453211, -0.0028418712213071156, -0.007472953741976373, 0.00274940778789147, 0.0018084052027745698, 0.0007862101851797948, -0.003267219950269521, 0.0013606721591254783, 0.007620648363163086, 0.008129131292964817, -0.0020157327375850548, 0.0076693696447986525, 0.014775449565663623, -0.0007605710296792139, -0.0017511334157309657, -0.00018330368000945215], [0.00022862722845243583, 0.0017416145106944744, 0.006140735675049453, 0.00018418428138092634, 0.0007851973968052185, 0.0014882746524645277, 0.002480309950726616, 0.007765478988333678, 0.0005916986684554948, 0.0009196842078044914, 0.00153945578277566, 0.0027164288757169325, 0.001296836645265272, -0.001380003619767032, -0.0020157327375850548, 0.004871204428082882, -0.002106797582348886, -0.007412851078944285, 0.000752245441977898, 0.0014311668276476587, 0.0008571756392683769], [0.0010220955040225858, -0.0013992931825175135, -0.005817344295056183, 0.0008346586119652617, -0.00020852053024944723, -0.0020494739464342786, -0.0033673300997921992, -0.008504420136935906, 0.0018059361456332656, 0.0006970402612140607, -0.0008043606893064645, -0.0035475383492600413, 0.0010872463553751159, 0.0074188285423116085, 0.0076693696447986525, -0.002106797582348886, 0.009389757112751617, 0.01694870034680343, -0.00136188819164312, -0.002895614929221251, -0.0005321346576120797], [0.0013795165150810797, -0.003629389604159673, -0.01452869008463485, 0.001062116382026127, -0.0006597629036890683, -0.0035364506167640183, -0.00749541658516015, -0.020566039690488338, 0.0022912863981007048, 0.0006530689464338389, -0.0017890061598673308, -0.008323354043169345, 0.0007390950281534569, 0.013223518490682132, 0.014775449565663623, -0.007412851078944285, 0.01694870034680343, 0.034695755370367, -0.0022724231250008642, -0.00473812458344459, -0.001488836360711351], [-0.00032887073303263783, 0.00048328045245749724, 0.0013100351264957444, -0.00022723983315805533, 0.0005923361272122496, 0.0014277220853883145, 0.0006588678033230776, 0.0015866508164738922, -0.0003792190998698571, 0.00026599781952816817, 0.0009426419976701775, 0.000539470503056025, 5.786947025186306e-05, -0.0010841646405119977, -0.0007605710296792139, 0.000752245441977898, -0.00136188819164312, -0.0022724231250008642, 0.0010353073861977266, 0.001734454991114726, 0.000509326944332636], [-0.0008833812136791227, 0.00089751722172471, 0.002558601729212172, -0.0005367087171439275, 0.0008715808968999297, 0.002803388712803422, 0.0012985112608765745, 0.0031585753303238827, -0.001039478949473296, 0.00022699195952764027, 0.001726096149652044, 0.0010390614226340959, -4.377970044953135e-05, -0.002543217334242452, -0.0017511334157309657, 0.0014311668276476587, -0.002895614929221251, -0.00473812458344459, 0.001734454991114726, 0.0034264321150355294, 0.0008818495930891685], [2.4154340054621102e-05, 0.0004101601503647605, 0.0011281061548748322, 7.430284164980028e-05, 0.0004811882987552047, 0.0008172266161641525, 0.0005054933373069153, 0.0014077600614535168, 0.00017483904060865046, 0.0003913384470460554, 0.0007518159086796152, 0.00045990593421673867, 0.00033674817655983576, -0.00018130839868595524, -0.00018330368000945215, 0.0008571756392683769, -0.0005321346576120797, -0.001488836360711351, 0.000509326944332636, 0.0008818495930891685, 0.0006442307856906514]], [[0.000712444734752164, 0.0008832699465581559, -0.00011232945511875489, 0.00042174311249882864, 0.0003734048416334595, 0.00019953697181829483, 0.0007419906890578071, -0.0007031836757315469, 0.0009048597786596582, 0.0007761963053451653, 0.0007500401068193596, 0.00015174493115205785, 0.0011934292977657751, 0.0012638778256961088, 0.0010656241731821989, 0.00017569004163455788, -4.683076063766491e-05, 2.8144373690371816e-05, -0.00011218477638943361, -0.00022001524864952225, 0.00020416954812977603], [0.0008832699465581559, 0.0015342016389945162, -0.00042563199410235273, 0.0006520758476624765, 0.0006872397112467945, 0.0005437524241762096, 0.0011787560400734595, -0.0013344111853571341, 0.0014036727724331952, 0.0013391138137992516, 0.001302136181973382, 0.0001234180465672305, 0.002028994782923159, 0.002017697366985311, 0.0017296312329983467, 0.00011906315729838942, -0.00014273705312237378, 2.8144373690371816e-05, -3.547051067329351e-05, -7.683800507332276e-05, 0.00039121248809983886], [-0.00011232945511875489, -0.00042563199410235273, 0.002509114690635153, -0.00016078676574522496, -0.0008680428320160879, -0.0016685271466994403, -0.00021523523327253273, 0.0020443064210844885, -0.00031672661105185135, -0.0009441912421686952, -0.0016411013843530985, 0.00018405375986736312, -0.0006185374509191945, -0.0010689818545630574, -0.00174861153415711, 0.0023943127233827747, 0.0010308265880382968, 2.8144373690371816e-05, -0.0009367743706749887, -0.001737999994427734, -0.000671234993086291], [0.00042174311249882864, 0.0006520758476624765, -0.00016078676574522496, 0.0004444716474282741, 0.00035320481920161537, 0.00017984160842783015, 0.0004554737938838252, -0.0004948225340333525, 0.0007238773414858891, 0.0006395912400674129, 0.0005327830892188345, 7.091109050092007e-05, 0.0009467140905995152, 0.0009588004633019081, 0.0007836196017292992, 0.0001735989356358562, 2.355845726579742e-05, 2.8144373690351815e-05, -5.7262919755563407e-05, -0.00013274033694360196, 0.00017427192387781224], [0.0003734048416334595, 0.0006872397112467945, -0.000868042832016068, 0.00035320481920161537, 0.0007135078749108281, 0.0008194184889933993, 0.0005362379546404103, -0.0010675477764239888, 0.0006271222399602631, 0.0009014007163706979, 0.0010570249365815377, 8.030829954151025e-05, 0.0009256900105846515, 0.0010831433360575177, 0.0011333452542656025, -0.0006409679619786403, -0.0002996974367400416, 2.8144373690371816e-05, 0.00043679140910219685, 0.0006143009294733447, 0.0004204608683717113], [0.00019953697181829483, 0.0005437524241762096, -0.0016685271466994403, 0.00017984160842783015, 0.0008194184889933993, 0.0015029993156512953, 0.00043146082668654246, -0.0015069956783677419, 0.0003377375117209827, 0.0008918463751674877, 0.0014934874291699586, 5.358851714465739e-05, 0.0006331485032924027, 0.0007578753257654247, 0.0012529351332427382, -0.0015866172468726588, -0.0007226735890026179, 2.8144373690371816e-05, 0.0008786716546187439, 0.0015499371758725424, 0.0006105974609237004], [0.0007419906890578071, 0.0011787560400734595, -0.00021523523327253273, 0.0004554737938838252, 0.0005362379546404103, 0.00043146082668654246, 0.001262299117405927, -0.000985751495687699, 0.0010033690820913641, 0.0010224191770717354, 0.0010995090644270315, 0.0004168330584853358, 0.0014899715518190096, 0.001367084068875887, 0.00106486151196838, 0.00017370396956983665, -0.00010655564489443199, 2.814437369033182e-05, 1.755472585757006e-05, -4.310421102880148e-05, 0.0003345057741729279], [-0.0007031836757315469, -0.0013344111853571341, 0.0020443064210844686, -0.0004948225340333525, -0.0010675477764239888, -0.0015069956783677419, -0.000985751495687699, 0.0027596728210230502, -0.0011640586572809804, -0.0015839663457970997, -0.002060881457405141, 0.00017532781423766253, -0.001818052265701829, -0.0022718884378211683, -0.0025319290070231868, 0.0016654027814476428, 0.0009325933297948043, 2.814437369033182e-05, -0.0005897530125391303, -0.0010903380831882039, -0.0007087564522744986], [0.0009048597786596582, 0.0014036727724331952, -0.00031672661105185135, 0.0007238773414858891, 0.0006271222399602631, 0.0003377375117209827, 0.0010033690820913641, -0.0011640586572809804, 0.0015236095194211135, 0.0013073166984955318, 0.0011392129973094218, 6.69879947891413e-05, 0.0019766419952591614, 0.0020223490331897644, 0.0016682970127947488, 0.0003033228286519396, -2.1966829097260186e-05, 2.814437369033182e-05, -0.00017220229937098792, -0.00034263587910378677, 0.00033457629903858003], [0.0007761963053451753, 0.0013391138137992516, -0.0009441912421686952, 0.0006395912400674129, 0.0009014007163706979, 0.0008918463751674877, 0.0010224191770717354, -0.0015839663457970997, 0.0013073166984955318, 0.0014708636092952436, 0.0015506612299932873, 0.00011559896723785361, 0.0018316031497141781, 0.0019971193451957837, 0.0018769044941089978, -0.00045004455982874454, -0.0003125012756286196, 2.8144373690291822e-05, 0.0002623698513555915, 0.000359664763913402, 0.0005329211600684699], [0.0007500401068193596, 0.001302136181973382, -0.0016411013843531386, 0.0005327830892188345, 0.0010570249365815377, 0.0014934874291699586, 0.0010995090644270315, -0.002060881457405141, 0.0011392129973094218, 0.0015506612299932873, 0.0020591828187383815, 0.00020450603099545338, 0.001692182699055583, 0.001877534985928449, 0.0021042669567652027, -0.0012647574436935195, -0.0007071536686497204, 2.8144373690371816e-05, 0.0006343071502121583, 0.0011162154862204771, 0.0007597352837554875], [0.00015174493115205785, 0.0001234180465672305, 0.00018405375986736312, 7.091109050092007e-05, 8.030829954151025e-05, 5.358851714465739e-05, 0.0004168330584853358, 0.00017532781423766253, 6.69879947891413e-05, 0.00011559896723785361, 0.00020450603099545338, 0.000808310946858901, 6.502465179198973e-05, -0.00019436035941668275, -0.00029808047935305854, 0.00015613908967209447, 3.1747288479123543e-05, 2.814437369041181e-05, 7.948760579391027e-05, 4.199733754774772e-05, 9.52771116681839e-05], [0.0011934292977657751, 0.002028994782923159, -0.0006185374509191945, 0.0009467140905995052, 0.0009256900105846515, 0.0006331485032924027, 0.0014899715518190096, -0.001818052265701829, 0.0019766419952591614, 0.0018316031497141781, 0.001692182699055663, 6.502465179196974e-05, 0.00280736677341283, 0.0029255316498543794, 0.0024980385764652203, 0.00016627905873470416, -0.00016961081839511245, 2.8144373690371816e-05, -0.00013067885971449397, -0.00025525927458624673, 0.00048750328369855393], [0.0012638778256961088, 0.002017697366985311, -0.0010689818545630574, 0.0009588004633019081, 0.0010831433360575177, 0.0007578753257654247, 0.001367084068875887, -0.0022718884378211683, 0.0020223490331897644, 0.0019971193451957837, 0.001877534985928449, -0.00019436035941668275, 0.0029255316498543794, 0.003714510767939366, 0.0034246706351485265, -0.0004372610283667945, -0.00040887399210916714, 2.8144373690371816e-05, -6.89094215983918e-05, -0.00019349027538674552, 0.0005464823611887453], [0.0010656241731822188, 0.0017296312329983467, -0.00174861153415711, 0.0007836196017293193, 0.0011333452542656025, 0.0012529351332427382, 0.00106486151196838, -0.0025319290070231868, 0.0016682970127947488, 0.0018769044941089978, 0.0021042669567652027, -0.00029808047935305854, 0.0024980385764652203, 0.0034246706351485265, 0.0036009358933907906, -0.00132998488554231, -0.0007834023200975434, 2.8144373690371816e-05, 0.0002892287031874184, 0.0005523758353204149, 0.0006562705462728257], [0.00017569004163455788, 0.00011906315729842943, 0.0023943127233827747, 0.0001735989356358562, -0.000640967961